,first_team,second_team,winner,point_difference,result,name,team_rank,win,higher_or_lower_seed,index,year_x,Name,BLKPG,STPG,APG,AST_TO,_3pm,_3pa,_2pm,_2pa,_2p_perc,PTS,FG_perc,_3p_perc,FT_perc,year_y,ORPG,DRPG,RPG
0,1,16,1,15,1,Duke,1,1,1,0,2019,Duke,6.82,9.47,15.9,1.21,7.3,24.0,790.0,1355.0,0.583,83.5,0.477,0.302,0.69,2019,13.4,28.4,41.8
1,1,16,1,15,1,North Dakota State,16,0,0,1,2019,North Dakota State,2.48,4.82,11.6,1.1,9.5,26.0,513.0,955.0,0.537,73.2,0.456,0.366,0.774,2019,6.6,24.9,31.5
2,8,9,9,1,2,VCU,8,0,1,2,2019,VCU,4.53,7.97,13.9,1.0,7.2,23.0,572.0,1066.0,0.537,71.4,0.442,0.307,0.698,2019,10.8,25.9,36.8
3,8,9,9,1,2,UCF,9,1,0,3,2019,UCF,4.48,5.74,13.3,1.12,6.8,19.0,554.0,1056.0,0.525,72.1,0.463,0.354,0.645,2019,9.8,26.9,36.7
4,5,12,12,7,2,Mississippi State,5,0,1,4,2019,Mississippi State,4.97,8.09,14.4,1.08,8.6,23.0,627.0,1178.0,0.532,77.3,0.472,0.378,0.715,2019,11.7,24.1,35.8
5,5,12,12,7,2,Liberty,12,1,0,5,2019,Liberty,2.68,6.38,14.9,1.35,8.8,24.0,621.0,1061.0,0.585,74.0,0.49,0.367,0.771,2019,7.8,25.0,32.8
6,4,13,4,9,1,Virginia Tech,4,1,1,6,2019,Virginia Tech,2.31,6.66,15.3,1.35,9.6,24.0,517.0,954.0,0.542,74.0,0.475,0.394,0.758,2019,8.9,23.7,32.6
7,4,13,4,9,1,Saint Louis,13,0,0,7,2019,Saint Louis,3.94,7.12,13.0,1.0,5.8,19.0,617.0,1311.0,0.471,67.4,0.419,0.313,0.6,2019,13.8,26.0,39.8
8,6,11,6,5,1,Maryland,6,1,1,8,2019,Maryland,4.75,4.34,13.2,1.01,7.3,21.0,575.0,1120.0,0.513,71.3,0.454,0.353,0.748,2019,11.0,28.2,39.2
9,6,11,6,5,1,Belmont,11,0,0,9,2019,Belmont,3.77,6.84,19.9,1.71,10.5,28.0,662.0,1105.0,0.599,87.4,0.499,0.373,0.738,2019,8.9,29.9,38.9
10,3,14,3,11,1,LSU,3,1,1,10,2019,LSU,4.31,9.09,13.1,0.99,6.8,21.0,693.0,1297.0,0.534,81.4,0.462,0.323,0.754,2019,13.5,25.3,38.8
11,3,14,3,11,1,Yale,14,0,0,11,2019,Yale,4.32,6.0,17.3,1.29,7.8,21.0,617.0,1101.0,0.56,80.6,0.494,0.37,0.725,2019,8.8,30.2,38.9
12,7,10,10,3,2,Louisville,7,0,1,12,2019,Louisville,3.0,4.45,13.4,1.09,8.6,25.0,543.0,1074.0,0.506,74.5,0.434,0.342,0.775,2019,10.3,28.0,38.2
13,7,10,10,3,2,Minnesota,10,1,0,13,2019,Minnesota,4.0,4.79,14.9,1.24,5.2,16.0,662.0,1368.0,0.484,70.8,0.437,0.321,0.679,2019,11.4,25.6,37.0
14,2,15,2,13,1,Michigan State,2,1,1,14,2019,Michigan State,5.45,5.33,19.1,1.47,8.3,22.0,649.0,1177.0,0.551,79.2,0.488,0.383,0.75,2019,10.8,30.2,41.0
15,2,15,2,13,1,Bradley,15,0,0,15,2019,Bradley,3.79,5.38,12.1,0.96,6.8,19.0,559.0,1190.0,0.47,66.6,0.434,0.366,0.693,2019,9.2,25.1,34.4
16,1,9,1,8,1,Duke,1,1,1,16,2019,Duke,6.82,9.47,15.9,1.21,7.3,24.0,790.0,1355.0,0.583,83.5,0.477,0.302,0.69,2019,13.4,28.4,41.8
17,1,9,1,8,1,UCF,9,0,0,17,2019,UCF,4.48,5.74,13.3,1.12,6.8,19.0,554.0,1056.0,0.525,72.1,0.463,0.354,0.645,2019,9.8,26.9,36.7
18,12,4,4,8,1,Liberty,12,0,0,18,2019,Liberty,2.68,6.38,14.9,1.35,8.8,24.0,621.0,1061.0,0.585,74.0,0.49,0.367,0.771,2019,7.8,25.0,32.8
19,12,4,4,8,1,Virginia Tech,4,1,1,19,2019,Virginia Tech,2.31,6.66,15.3,1.35,9.6,24.0,517.0,954.0,0.542,74.0,0.475,0.394,0.758,2019,8.9,23.7,32.6
20,6,3,3,3,1,Maryland,6,0,0,20,2019,Maryland,4.75,4.34,13.2,1.01,7.3,21.0,575.0,1120.0,0.513,71.3,0.454,0.353,0.748,2019,11.0,28.2,39.2
21,6,3,3,3,1,LSU,3,1,1,21,2019,LSU,4.31,9.09,13.1,0.99,6.8,21.0,693.0,1297.0,0.534,81.4,0.462,0.323,0.754,2019,13.5,25.3,38.8
22,10,2,2,8,1,Minnesota,10,0,0,22,2019,Minnesota,4.0,4.79,14.9,1.24,5.2,16.0,662.0,1368.0,0.484,70.8,0.437,0.321,0.679,2019,11.4,25.6,37.0
23,10,2,2,8,1,Michigan State,2,1,1,23,2019,Michigan State,5.45,5.33,19.1,1.47,8.3,22.0,649.0,1177.0,0.551,79.2,0.488,0.383,0.75,2019,10.8,30.2,41.0
24,1,4,1,3,1,Duke,1,1,1,24,2019,Duke,6.82,9.47,15.9,1.21,7.3,24.0,790.0,1355.0,0.583,83.5,0.477,0.302,0.69,2019,13.4,28.4,41.8
25,1,4,1,3,1,Virginia Tech,4,0,0,25,2019,Virginia Tech,2.31,6.66,15.3,1.35,9.6,24.0,517.0,954.0,0.542,74.0,0.475,0.394,0.758,2019,8.9,23.7,32.6
26,3,2,2,1,1,LSU,3,0,0,26,2019,LSU,4.31,9.09,13.1,0.99,6.8,21.0,693.0,1297.0,0.534,81.4,0.462,0.323,0.754,2019,13.5,25.3,38.8
27,3,2,2,1,1,Michigan State,2,1,1,27,2019,Michigan State,5.45,5.33,19.1,1.47,8.3,22.0,649.0,1177.0,0.551,79.2,0.488,0.383,0.75,2019,10.8,30.2,41.0
28,1,2,2,1,2,Duke,1,0,1,28,2019,Duke,6.82,9.47,15.9,1.21,7.3,24.0,790.0,1355.0,0.583,83.5,0.477,0.302,0.69,2019,13.4,28.4,41.8
29,1,2,2,1,2,Michigan State,2,1,0,29,2019,Michigan State,5.45,5.33,19.1,1.47,8.3,22.0,649.0,1177.0,0.551,79.2,0.488,0.383,0.75,2019,10.8,30.2,41.0
30,1,16,1,15,1,Gonzaga,1,1,1,30,2019,Gonzaga,5.48,7.55,18.2,1.76,7.8,21.0,805.0,1293.0,0.623,88.8,0.532,0.365,0.767,2019,9.5,29.1,38.6
31,1,16,1,15,1,Fairleigh Dickinson,16,0,0,31,2019,Fairleigh Dickinson,3.64,7.67,14.1,1.06,7.7,19.0,622.0,1205.0,0.516,75.4,0.478,0.404,0.732,2019,9.3,23.5,32.9
32,8,9,9,1,2,Syracuse,8,0,1,32,2019,Syracuse,4.79,8.27,12.0,0.96,7.9,24.0,525.0,1061.0,0.495,69.7,0.424,0.33,0.681,2019,10.8,24.0,34.8
33,8,9,9,1,2,Baylor,9,1,0,33,2019,Baylor,4.75,6.13,13.8,1.04,7.9,23.0,562.0,1106.0,0.508,71.7,0.44,0.34,0.674,2019,13.4,24.6,38.0
34,5,12,12,7,2,Marquette,5,0,1,34,2019,Marquette,4.24,4.82,13.6,0.98,9.4,24.0,558.0,1104.0,0.505,77.7,0.459,0.393,0.759,2019,9.6,28.5,38.1
35,5,12,12,7,2,Murray State,12,1,0,35,2019,Murray State,4.58,7.58,18.1,1.5,7.8,22.0,696.0,1195.0,0.582,83.3,0.496,0.348,0.738,2019,10.8,27.1,37.9
36,4,13,4,9,1,Florida State,4,1,1,36,2019,Florida State,4.26,6.97,12.9,0.95,7.5,22.0,624.0,1224.0,0.51,74.9,0.443,0.336,0.741,2019,11.4,25.9,37.4
37,4,13,4,9,1,Vermont,13,0,0,37,2019,Vermont,4.03,5.64,11.8,1.08,7.8,22.0,584.0,1105.0,0.529,73.9,0.459,0.353,0.752,2019,9.3,25.9,35.2
38,6,11,6,5,1,Buffalo,6,1,1,38,2019,Buffalo,4.06,7.32,16.9,1.44,9.6,29.0,708.0,1265.0,0.56,84.9,0.462,0.335,0.691,2019,12.7,28.4,41.1
39,6,11,6,5,1,Arizona State,11,0,0,39,2019,Arizona State,3.22,6.22,13.6,1.0,7.3,21.0,619.0,1223.0,0.506,77.8,0.447,0.341,0.671,2019,12.2,27.8,40.0
40,3,14,3,11,1,Texas Tech,3,1,1,40,2019,Texas Tech,4.91,7.38,14.0,1.13,7.3,20.0,605.0,1144.0,0.529,73.1,0.472,0.368,0.728,2019,8.8,25.4,34.3
41,3,14,3,11,1,Northern Kentucky,14,0,0,41,2019,Northern Kentucky,4.0,6.24,17.1,1.37,8.9,24.0,655.0,1163.0,0.563,79.1,0.481,0.366,0.665,2019,10.6,26.4,37.0
42,7,10,10,3,2,Nevada,7,0,1,42,2019,Nevada,3.91,6.18,15.0,1.46,8.8,25.0,613.0,1113.0,0.551,80.7,0.466,0.351,0.708,2019,9.3,28.1,37.4
43,7,10,10,3,2,Florida,10,1,0,43,2019,Florida,3.71,7.18,12.2,1.04,8.1,24.0,537.0,1079.0,0.498,68.3,0.427,0.335,0.718,2019,10.6,22.9,33.5
44,2,15,2,13,1,Michigan,2,1,1,44,2019,Michigan,4.18,6.18,13.9,1.56,8.1,23.0,589.0,1137.0,0.518,70.7,0.451,0.351,0.695,2019,8.5,26.6,35.0
45,2,15,2,13,1,Montana,15,0,0,45,2019,Montana,3.03,6.5,14.7,1.23,8.3,22.0,674.0,1184.0,0.569,76.8,0.497,0.38,0.689,2019,8.6,25.1,33.7
46,1,9,1,8,1,Gonzaga,1,1,1,46,2019,Gonzaga,5.48,7.55,18.2,1.76,7.8,21.0,805.0,1293.0,0.623,88.8,0.532,0.365,0.767,2019,9.5,29.1,38.6
47,1,9,1,8,1,Baylor,9,0,0,47,2019,Baylor,4.75,6.13,13.8,1.04,7.9,23.0,562.0,1106.0,0.508,71.7,0.44,0.34,0.674,2019,13.4,24.6,38.0
48,12,4,4,8,1,Murray State,12,0,0,48,2019,Murray State,4.58,7.58,18.1,1.5,7.8,22.0,696.0,1195.0,0.582,83.3,0.496,0.348,0.738,2019,10.8,27.1,37.9
49,12,4,4,8,1,Florida State,4,1,1,49,2019,Florida State,4.26,6.97,12.9,0.95,7.5,22.0,624.0,1224.0,0.51,74.9,0.443,0.336,0.741,2019,11.4,25.9,37.4
50,6,3,3,3,1,Buffalo,6,0,0,50,2019,Buffalo,4.06,7.32,16.9,1.44,9.6,29.0,708.0,1265.0,0.56,84.9,0.462,0.335,0.691,2019,12.7,28.4,41.1
51,6,3,3,3,1,Texas Tech,3,1,1,51,2019,Texas Tech,4.91,7.38,14.0,1.13,7.3,20.0,605.0,1144.0,0.529,73.1,0.472,0.368,0.728,2019,8.8,25.4,34.3
52,10,2,2,8,1,Florida,10,0,0,52,2019,Florida,3.71,7.18,12.2,1.04,8.1,24.0,537.0,1079.0,0.498,68.3,0.427,0.335,0.718,2019,10.6,22.9,33.5
53,10,2,2,8,1,Michigan,2,1,1,53,2019,Michigan,4.18,6.18,13.9,1.56,8.1,23.0,589.0,1137.0,0.518,70.7,0.451,0.351,0.695,2019,8.5,26.6,35.0
54,1,4,1,3,1,Gonzaga,1,1,1,54,2019,Gonzaga,5.48,7.55,18.2,1.76,7.8,21.0,805.0,1293.0,0.623,88.8,0.532,0.365,0.767,2019,9.5,29.1,38.6
55,1,4,1,3,1,Florida State,4,0,0,55,2019,Florida State,4.26,6.97,12.9,0.95,7.5,22.0,624.0,1224.0,0.51,74.9,0.443,0.336,0.741,2019,11.4,25.9,37.4
56,3,2,3,1,2,Texas Tech,3,1,0,56,2019,Texas Tech,4.91,7.38,14.0,1.13,7.3,20.0,605.0,1144.0,0.529,73.1,0.472,0.368,0.728,2019,8.8,25.4,34.3
57,3,2,3,1,2,Michigan,2,0,1,57,2019,Michigan,4.18,6.18,13.9,1.56,8.1,23.0,589.0,1137.0,0.518,70.7,0.451,0.351,0.695,2019,8.5,26.6,35.0
58,1,3,3,2,2,Gonzaga,1,0,1,58,2019,Gonzaga,5.48,7.55,18.2,1.76,7.8,21.0,805.0,1293.0,0.623,88.8,0.532,0.365,0.767,2019,9.5,29.1,38.6
59,1,3,3,2,2,Texas Tech,3,1,0,59,2019,Texas Tech,4.91,7.38,14.0,1.13,7.3,20.0,605.0,1144.0,0.529,73.1,0.472,0.368,0.728,2019,8.8,25.4,34.3
121,1,16,1,15,1,UNC,1,1,1,60,2019,North Carolina,3.55,7.18,19.0,1.46,8.8,24.0,734.0,1416.0,0.518,86.1,0.464,0.365,0.742,2019,13.1,30.5,43.5
60,1,16,1,15,1,Iona,16,0,0,61,2019,Iona,2.78,6.78,13.2,1.06,8.8,25.0,553.0,1038.0,0.533,76.8,0.453,0.351,0.741,2019,8.8,25.6,34.4
61,8,9,9,1,2,Utah State,8,0,1,62,2019,Utah State,4.21,6.24,17.2,1.37,7.9,22.0,673.0,1233.0,0.546,79.2,0.474,0.355,0.747,2019,10.8,29.4,40.2
62,8,9,9,1,2,Washington,9,1,0,63,2019,Washington,5.74,9.0,11.7,0.88,7.5,22.0,581.0,1111.0,0.523,69.8,0.453,0.346,0.694,2019,9.5,22.1,31.6
63,5,12,5,7,1,Auburn,5,1,1,64,2019,Auburn,4.79,9.29,14.4,1.18,11.2,30.0,549.0,1059.0,0.518,79.4,0.449,0.376,0.71,2019,12.0,22.4,34.5
64,5,12,5,7,1,New Mexico State,12,0,0,65,2019,New Mexico State,2.62,5.62,14.7,1.24,9.4,28.0,618.0,1089.0,0.567,78.1,0.459,0.335,0.675,2019,12.8,25.5,38.4
65,4,13,4,9,1,Kansas,4,1,1,66,2019,Kansas,3.94,6.85,13.3,1.0,7.2,21.0,682.0,1306.0,0.522,75.4,0.462,0.35,0.697,2019,10.4,27.7,38.1
66,4,13,4,9,1,Northeastern,13,0,0,67,2019,Northeastern,2.15,6.15,14.3,1.27,9.8,25.0,542.0,961.0,0.564,76.1,0.482,0.388,0.751,2019,7.0,24.8,31.8
67,6,11,11,5,2,Iowa State,6,0,1,68,2019,Iowa State,4.65,7.0,15.2,1.37,8.5,23.0,663.0,1205.0,0.55,77.4,0.477,0.365,0.732,2019,9.4,25.8,35.2
68,6,11,11,5,2,Ohio State,11,1,0,69,2019,Ohio State,2.52,5.91,14.2,1.14,7.5,22.0,548.0,1099.0,0.499,69.6,0.437,0.343,0.734,2019,9.4,25.4,34.8
69,3,14,3,11,1,Houston,3,1,1,70,2019,Houston,4.52,6.58,15.1,1.31,9.2,25.0,578.0,1130.0,0.512,76.2,0.449,0.364,0.704,2019,12.4,28.8,41.2
70,3,14,3,11,1,Georgia State,14,0,0,71,2019,Georgia State,4.75,8.09,12.6,1.07,9.9,25.0,549.0,1044.0,0.526,77.2,0.466,0.388,0.659,2019,8.2,24.5,32.7
71,7,10,7,3,1,Wofford,7,1,1,72,2019,Wofford,3.0,6.88,15.4,1.41,11.0,26.0,633.0,1148.0,0.551,83.0,0.493,0.416,0.699,2019,10.6,24.8,35.5
72,7,10,7,3,1,Seton Hall,10,0,0,73,2019,Seton Hall,3.91,7.0,13.5,1.1,7.0,22.0,632.0,1245.0,0.508,73.9,0.441,0.324,0.708,2019,10.6,25.2,35.8
73,2,15,2,13,1,Kentucky,2,1,1,74,2019,Kentucky,5.06,6.03,13.8,1.1,6.0,17.0,679.0,1288.0,0.527,76.7,0.478,0.364,0.74,2019,11.6,26.8,38.4
74,2,15,2,13,1,Abilene Christian,15,0,0,75,2019,Abilene Christian,2.73,8.73,15.6,1.3,7.5,19.0,634.0,1221.0,0.519,74.5,0.474,0.386,0.715,2019,9.8,23.3,33.1
122,1,9,1,8,1,UNC,1,1,1,76,2019,North Carolina,3.55,7.18,19.0,1.46,8.8,24.0,734.0,1416.0,0.518,86.1,0.464,0.365,0.742,2019,13.1,30.5,43.5
75,1,9,1,8,1,Washington,9,0,0,77,2019,Washington,5.74,9.0,11.7,0.88,7.5,22.0,581.0,1111.0,0.523,69.8,0.453,0.346,0.694,2019,9.5,22.1,31.6
76,5,4,5,1,2,Auburn,5,1,0,78,2019,Auburn,4.79,9.29,14.4,1.18,11.2,30.0,549.0,1059.0,0.518,79.4,0.449,0.376,0.71,2019,12.0,22.4,34.5
77,5,4,5,1,2,Kansas,4,0,1,79,2019,Kansas,3.94,6.85,13.3,1.0,7.2,21.0,682.0,1306.0,0.522,75.4,0.462,0.35,0.697,2019,10.4,27.7,38.1
78,11,3,3,8,1,Ohio State,11,0,0,80,2019,Ohio State,2.52,5.91,14.2,1.14,7.5,22.0,548.0,1099.0,0.499,69.6,0.437,0.343,0.734,2019,9.4,25.4,34.8
79,11,3,3,8,1,Houston,3,1,1,81,2019,Houston,4.52,6.58,15.1,1.31,9.2,25.0,578.0,1130.0,0.512,76.2,0.449,0.364,0.704,2019,12.4,28.8,41.2
80,7,2,2,5,1,Wofford,7,0,0,82,2019,Wofford,3.0,6.88,15.4,1.41,11.0,26.0,633.0,1148.0,0.551,83.0,0.493,0.416,0.699,2019,10.6,24.8,35.5
81,7,2,2,5,1,Kentucky,2,1,1,83,2019,Kentucky,5.06,6.03,13.8,1.1,6.0,17.0,679.0,1288.0,0.527,76.7,0.478,0.364,0.74,2019,11.6,26.8,38.4
123,1,5,5,4,2,UNC,1,0,1,84,2019,North Carolina,3.55,7.18,19.0,1.46,8.8,24.0,734.0,1416.0,0.518,86.1,0.464,0.365,0.742,2019,13.1,30.5,43.5
82,1,5,5,4,2,Auburn,5,1,0,85,2019,Auburn,4.79,9.29,14.4,1.18,11.2,30.0,549.0,1059.0,0.518,79.4,0.449,0.376,0.71,2019,12.0,22.4,34.5
83,3,2,2,1,1,Houston,3,0,0,86,2019,Houston,4.52,6.58,15.1,1.31,9.2,25.0,578.0,1130.0,0.512,76.2,0.449,0.364,0.704,2019,12.4,28.8,41.2
84,3,2,2,1,1,Kentucky,2,1,1,87,2019,Kentucky,5.06,6.03,13.8,1.1,6.0,17.0,679.0,1288.0,0.527,76.7,0.478,0.364,0.74,2019,11.6,26.8,38.4
85,5,2,5,3,2,Auburn,5,1,0,88,2019,Auburn,4.79,9.29,14.4,1.18,11.2,30.0,549.0,1059.0,0.518,79.4,0.449,0.376,0.71,2019,12.0,22.4,34.5
86,5,2,5,3,2,Kentucky,2,0,1,89,2019,Kentucky,5.06,6.03,13.8,1.1,6.0,17.0,679.0,1288.0,0.527,76.7,0.478,0.364,0.74,2019,11.6,26.8,38.4
87,1,16,1,15,1,Virginia,1,1,1,90,2019,Virginia,3.81,5.63,14.5,1.61,8.5,21.0,549.0,1052.0,0.522,71.8,0.478,0.409,0.746,2019,8.9,25.8,34.6
88,1,16,1,15,1,Gardner-Webb,16,0,0,91,2019,Gardner-Webb,2.91,6.85,14.5,1.26,8.0,20.0,661.0,1216.0,0.544,78.3,0.488,0.391,0.711,2019,7.9,26.5,34.4
89,8,9,9,1,2,Ole Miss,8,0,1,92,2019,Ole Miss,3.63,7.31,14.3,1.13,8.2,23.0,586.0,1115.0,0.526,75.4,0.459,0.358,0.783,2019,9.8,24.5,34.3
90,8,9,9,1,2,Oklahoma,9,1,0,93,2019,Oklahoma,3.09,5.94,12.7,1.04,6.6,19.0,618.0,1245.0,0.496,71.2,0.445,0.342,0.691,2019,9.2,28.4,37.6
91,5,12,12,7,2,Wisconsin,5,0,1,94,2019,Wisconsin,4.21,5.12,12.8,1.34,7.1,19.0,619.0,1243.0,0.498,69.1,0.453,0.366,0.649,2019,8.2,27.1,35.2
92,5,12,12,7,2,Oregon,12,1,0,95,2019,Oregon,4.23,7.77,13.3,1.13,7.6,22.0,620.0,1196.0,0.518,70.5,0.45,0.343,0.719,2019,9.7,24.7,34.4
93,4,13,13,9,2,Kansas State,4,0,1,96,2019,Kansas State,2.27,7.61,13.8,1.22,7.1,21.0,551.0,1125.0,0.49,65.8,0.431,0.336,0.664,2019,9.5,23.8,33.3
124,4,13,13,9,2,UC-Irvine,13,1,0,97,2019,UC Irvine,4.26,5.69,13.2,1.13,6.8,19.0,707.0,1398.0,0.506,72.9,0.459,0.361,0.696,2019,11.8,28.5,40.3
94,6,11,6,5,1,Villanova,6,1,1,98,2019,Villanova,3.03,5.41,14.3,1.27,10.6,30.0,479.0,889.0,0.539,74.5,0.439,0.353,0.727,2019,10.5,24.9,35.4
95,6,11,6,5,1,Saint Mary's,11,0,0,99,2019,Saint Mary's,2.55,6.0,10.1,0.95,7.4,20.0,631.0,1202.0,0.525,72.9,0.474,0.378,0.745,2019,9.8,24.9,34.7
96,3,14,3,11,1,Purdue,3,1,1,100,2019,Purdue,4.03,6.5,14.4,1.35,9.7,27.0,546.0,1066.0,0.512,76.2,0.446,0.364,0.732,2019,12.2,24.6,36.8
97,3,14,3,11,1,Old Dominion,14,0,0,101,2019,Old Dominion,4.56,5.59,12.8,1.09,7.6,22.0,547.0,1228.0,0.445,66.2,0.411,0.353,0.66,2019,12.0,26.9,38.9
98,7,10,10,3,2,Cincinnati,7,0,1,102,2019,Cincinnati,4.55,6.3,13.7,1.3,6.7,19.0,602.0,1274.0,0.473,71.8,0.432,0.35,0.702,2019,12.8,23.3,36.2
99,7,10,10,3,2,Iowa,10,1,0,103,2019,Iowa,3.27,6.18,15.7,1.3,8.1,22.0,595.0,1155.0,0.515,78.3,0.455,0.361,0.74,2019,10.3,25.4,35.7
100,2,15,2,13,1,Tennessee,2,1,1,104,2019,Tennessee,5.42,6.09,18.5,1.68,6.8,19.0,766.0,1359.0,0.564,82.3,0.498,0.358,0.762,2019,10.4,27.3,37.7
101,2,15,2,13,1,Colgate,15,0,0,105,2019,Colgate,3.53,6.18,15.6,1.2,9.0,23.0,625.0,1153.0,0.542,75.8,0.48,0.388,0.741,2019,9.5,26.1,35.6
102,1,9,1,8,1,Virginia,1,1,1,106,2019,Virginia,3.81,5.63,14.5,1.61,8.5,21.0,549.0,1052.0,0.522,71.8,0.478,0.409,0.746,2019,8.9,25.8,34.6
103,1,9,1,8,1,Oklahoma,9,0,0,107,2019,Oklahoma,3.09,5.94,12.7,1.04,6.6,19.0,618.0,1245.0,0.496,71.2,0.445,0.342,0.691,2019,9.2,28.4,37.6
104,12,13,12,1,1,Oregon,12,1,1,108,2019,Oregon,4.23,7.77,13.3,1.13,7.6,22.0,620.0,1196.0,0.518,70.5,0.45,0.343,0.719,2019,9.7,24.7,34.4
125,12,13,12,1,1,UC-Irvine,13,0,0,109,2019,UC Irvine,4.26,5.69,13.2,1.13,6.8,19.0,707.0,1398.0,0.506,72.9,0.459,0.361,0.696,2019,11.8,28.5,40.3
105,6,3,3,3,1,Villanova,6,0,0,110,2019,Villanova,3.03,5.41,14.3,1.27,10.6,30.0,479.0,889.0,0.539,74.5,0.439,0.353,0.727,2019,10.5,24.9,35.4
106,6,3,3,3,1,Purdue,3,1,1,111,2019,Purdue,4.03,6.5,14.4,1.35,9.7,27.0,546.0,1066.0,0.512,76.2,0.446,0.364,0.732,2019,12.2,24.6,36.8
107,10,2,2,8,1,Iowa,10,0,0,112,2019,Iowa,3.27,6.18,15.7,1.3,8.1,22.0,595.0,1155.0,0.515,78.3,0.455,0.361,0.74,2019,10.3,25.4,35.7
108,10,2,2,8,1,Tennessee,2,1,1,113,2019,Tennessee,5.42,6.09,18.5,1.68,6.8,19.0,766.0,1359.0,0.564,82.3,0.498,0.358,0.762,2019,10.4,27.3,37.7
109,1,12,1,11,1,Virginia,1,1,1,114,2019,Virginia,3.81,5.63,14.5,1.61,8.5,21.0,549.0,1052.0,0.522,71.8,0.478,0.409,0.746,2019,8.9,25.8,34.6
110,1,12,1,11,1,Oregon,12,0,0,115,2019,Oregon,4.23,7.77,13.3,1.13,7.6,22.0,620.0,1196.0,0.518,70.5,0.45,0.343,0.719,2019,9.7,24.7,34.4
111,3,2,3,1,2,Purdue,3,1,0,116,2019,Purdue,4.03,6.5,14.4,1.35,9.7,27.0,546.0,1066.0,0.512,76.2,0.446,0.364,0.732,2019,12.2,24.6,36.8
112,3,2,3,1,2,Tennessee,2,0,1,117,2019,Tennessee,5.42,6.09,18.5,1.68,6.8,19.0,766.0,1359.0,0.564,82.3,0.498,0.358,0.762,2019,10.4,27.3,37.7
113,1,3,1,2,1,Virginia,1,1,1,118,2019,Virginia,3.81,5.63,14.5,1.61,8.5,21.0,549.0,1052.0,0.522,71.8,0.478,0.409,0.746,2019,8.9,25.8,34.6
114,1,3,1,2,1,Purdue,3,0,0,119,2019,Purdue,4.03,6.5,14.4,1.35,9.7,27.0,546.0,1066.0,0.512,76.2,0.446,0.364,0.732,2019,12.2,24.6,36.8
115,1,5,1,4,1,Virginia,1,1,1,120,2019,Virginia,3.81,5.63,14.5,1.61,8.5,21.0,549.0,1052.0,0.522,71.8,0.478,0.409,0.746,2019,8.9,25.8,34.6
116,1,5,1,4,1,Auburn,5,0,0,121,2019,Auburn,4.79,9.29,14.4,1.18,11.2,30.0,549.0,1059.0,0.518,79.4,0.449,0.376,0.71,2019,12.0,22.4,34.5
117,3,2,3,1,2,Texas Tech,3,1,0,122,2019,Texas Tech,4.91,7.38,14.0,1.13,7.3,20.0,605.0,1144.0,0.529,73.1,0.472,0.368,0.728,2019,8.8,25.4,34.3
118,3,2,3,1,2,Michigan State,2,0,1,123,2019,Michigan State,5.45,5.33,19.1,1.47,8.3,22.0,649.0,1177.0,0.551,79.2,0.488,0.383,0.75,2019,10.8,30.2,41.0
119,1,3,1,2,1,Virginia,1,1,1,124,2019,Virginia,3.81,5.63,14.5,1.61,8.5,21.0,549.0,1052.0,0.522,71.8,0.478,0.409,0.746,2019,8.9,25.8,34.6
120,1,3,1,2,1,Texas Tech,3,0,0,125,2019,Texas Tech,4.91,7.38,14.0,1.13,7.3,20.0,605.0,1144.0,0.529,73.1,0.472,0.368,0.728,2019,8.8,25.4,34.3
