,first_team,second_team,winner,point_difference,result,name,team_rank,win,higher_or_lower_seed
0,1,16,1,15,1,Maryland,1,1,1
1,1,16,1,15,1,Siena,16,0,0
2,8,9,8,1,1,Wisconsin,8,1,1
3,8,9,8,1,1,St. John's (NY),9,0,0
4,5,12,12,7,2,Marquette,5,0,1
5,5,12,12,7,2,Tulsa,12,1,0
6,4,13,4,9,1,Kentucky,4,1,1
7,4,13,4,9,1,Valparaiso,13,0,0
8,6,11,11,5,2,Texas Tech,6,0,1
9,6,11,11,5,2,Southern Illinois,11,1,0
10,3,14,3,11,1,Georgia,3,1,1
11,3,14,3,11,1,Murray State,14,0,0
12,7,10,7,3,1,NC State,7,1,1
13,7,10,7,3,1,Michigan State,10,0,0
14,2,15,2,13,1,UConn,2,1,1
15,2,15,2,13,1,Hampton,15,0,0
16,1,8,1,7,1,Maryland,1,1,1
17,1,8,1,7,1,Wisconsin,8,0,0
18,12,4,4,8,1,Tulsa,12,0,0
19,12,4,4,8,1,Kentucky,4,1,1
20,11,3,11,8,2,Southern Illinois,11,1,0
21,11,3,11,8,2,Georgia,3,0,1
22,7,2,2,5,1,NC State,7,0,0
23,7,2,2,5,1,UConn,2,1,1
24,1,4,1,3,1,Maryland,1,1,1
25,1,4,1,3,1,Kentucky,4,0,0
26,11,2,2,9,1,Southern Illinois,11,0,0
27,11,2,2,9,1,UConn,2,1,1
28,1,2,1,1,1,Maryland,1,1,1
29,1,2,1,1,1,UConn,2,0,0
30,1,16,1,15,1,Kansas,1,1,1
31,1,16,1,15,1,Holy Cross,16,0,0
32,8,9,8,1,1,Stanford,8,1,1
33,8,9,8,1,1,Western Kentucky,9,0,0
34,5,12,12,7,2,Florida,5,0,1
35,5,12,12,7,2,Creighton,12,1,0
36,4,13,4,9,1,Illinois,4,1,1
37,4,13,4,9,1,San Diego State,13,0,0
38,6,11,6,5,1,Texas,6,1,1
39,6,11,6,5,1,Boston College,11,0,0
40,3,14,3,11,1,Mississippi State,3,1,1
41,3,14,3,11,1,McNeese State,14,0,0
42,7,10,7,3,1,Wake Forest,7,1,1
43,7,10,7,3,1,Pepperdine,10,0,0
44,2,15,2,13,1,Oregon,2,1,1
45,2,15,2,13,1,Montana,15,0,0
46,1,8,1,7,1,Kansas,1,1,1
47,1,8,1,7,1,Stanford,8,0,0
48,12,4,4,8,1,Creighton,12,0,0
49,12,4,4,8,1,Illinois,4,1,1
50,6,3,6,3,2,Texas,6,1,0
51,6,3,6,3,2,Mississippi State,3,0,1
52,7,2,2,5,1,Wake Forest,7,0,0
53,7,2,2,5,1,Oregon,2,1,1
54,1,4,1,3,1,Kansas,1,1,1
55,1,4,1,3,1,Illinois,4,0,0
56,6,2,2,4,1,Texas,6,0,0
57,6,2,2,4,1,Oregon,2,1,1
58,1,2,1,1,1,Kansas,1,1,1
59,1,2,1,1,1,Oregon,2,0,0
60,1,16,1,15,1,Duke,1,1,1
61,1,16,1,15,1,Winthrop,16,0,0
62,8,9,8,1,1,Notre Dame,8,1,1
63,8,9,8,1,1,Charlotte,9,0,0
64,5,12,5,7,1,Indiana,5,1,1
65,5,12,5,7,1,Utah,12,0,0
66,4,13,13,9,2,USC,4,0,1
67,4,13,13,9,2,UNC Wilmington,13,1,0
68,6,11,6,5,1,California,6,1,1
69,6,11,6,5,1,Penn,11,0,0
70,3,14,3,11,1,Pitt,3,1,1
71,3,14,3,11,1,Central Connecticut,14,0,0
72,7,10,10,3,2,Oklahoma State,7,0,1
73,7,10,10,3,2,Kent State,10,1,0
74,2,15,2,13,1,Alabama,2,1,1
75,2,15,2,13,1,Florida Atlantic,15,0,0
76,1,8,1,7,1,Duke,1,1,1
77,1,8,1,7,1,Notre Dame,8,0,0
78,5,13,5,8,1,Indiana,5,1,1
79,5,13,5,8,1,UNC Wilmington,13,0,0
80,6,3,3,3,1,California,6,0,0
81,6,3,3,3,1,Pitt,3,1,1
82,10,2,10,8,2,Kent State,10,1,0
83,10,2,10,8,2,Alabama,2,0,1
84,1,5,5,4,2,Duke,1,0,1
85,1,5,5,4,2,Indiana,5,1,0
86,3,10,10,7,2,Pitt,3,0,1
87,3,10,10,7,2,Kent State,10,1,0
88,5,10,5,5,1,Indiana,5,1,1
89,5,10,5,5,1,Kent State,10,0,0
90,1,16,1,15,1,Cincinnati,1,1,1
91,1,16,1,15,1,Boston University,16,0,0
92,8,9,8,1,1,UCLA,8,1,1
93,8,9,8,1,1,Ole Miss,9,0,0
94,5,12,12,7,2,Miami (FL),5,0,1
95,5,12,12,7,2,Missouri,12,1,0
96,4,13,4,9,1,Ohio State,4,1,1
97,4,13,4,9,1,Davidson,13,0,0
98,6,11,11,5,2,Gonzaga,6,0,1
99,6,11,11,5,2,Wyoming,11,1,0
100,3,14,3,11,1,Arizona,3,1,1
101,3,14,3,11,1,UCSB,14,0,0
102,7,10,7,3,1,Xavier,7,1,1
103,7,10,7,3,1,Hawaii,10,0,0
104,2,15,2,13,1,Oklahoma,2,1,1
105,2,15,2,13,1,UIC,15,0,0
106,1,8,8,7,2,Cincinnati,1,0,1
107,1,8,8,7,2,UCLA,8,1,0
108,12,4,12,8,2,Missouri,12,1,0
109,12,4,12,8,2,Ohio State,4,0,1
110,11,3,3,8,1,Wyoming,11,0,0
111,11,3,3,8,1,Arizona,3,1,1
112,7,2,2,5,1,Xavier,7,0,0
113,7,2,2,5,1,Oklahoma,2,1,1
114,8,12,12,4,2,UCLA,8,0,1
115,8,12,12,4,2,Missouri,12,1,0
116,3,2,2,1,1,Arizona,3,0,0
117,3,2,2,1,1,Oklahoma,2,1,1
118,12,2,2,10,1,Missouri,12,0,0
119,12,2,2,10,1,Oklahoma,2,1,1
120,1,1,1,0,0,Maryland,1,9999,9999
121,1,1,1,0,0,Kansas,1,9999,9999
122,2,5,5,3,2,Oklahoma,2,0,1
123,2,5,5,3,2,Indiana,5,1,0
124,1,5,1,4,1,Maryland,1,1,1
125,1,5,1,4,1,Indiana,5,0,0
