,first_team,second_team,winner,point_difference,result,name,team_rank,win,higher_or_lower_seed,index,year_x,Name,BLKPG,STPG,APG,AST_TO,_3pm,_3pa,_2pm,_2pa,_2p_perc,PTS,FG_perc,_3p_perc,FT_perc,year_y,ORPG,DRPG,RPG
0,1,16,1,15,1,Villanova,1,1,1,0,2018,Villanova,3.97,6.68,16.7,1.61,11.4,29.0,667.0,1117.0,0.597,87.1,0.504,0.398,0.771,2018,9.4,26.2,35.6
1,1,16,1,15,1,Radford,16,0,0,1,2018,Radford,2.94,6.29,12.2,1.0,7.7,22.0,539.0,1130.0,0.477,67.4,0.426,0.35,0.723,2018,11.6,23.1,34.6
2,8,9,9,1,2,Virginia Tech,8,0,1,2,2018,Virginia Tech,2.28,5.75,16.5,1.38,8.8,23.0,621.0,1084.0,0.573,79.7,0.498,0.385,0.71,2018,7.4,25.6,33.0
3,8,9,9,1,2,Alabama,9,1,0,3,2018,Alabama,5.47,6.41,12.5,0.89,6.4,20.0,643.0,1208.0,0.532,72.4,0.458,0.324,0.672,2018,10.0,26.3,36.3
4,5,12,5,7,1,West Virginia,5,1,1,4,2018,West Virginia,5.26,8.03,15.1,1.33,8.8,25.0,645.0,1329.0,0.485,79.6,0.434,0.353,0.766,2018,14.0,23.9,37.9
5,5,12,5,7,1,Murray State,12,0,0,5,2018,Murray State,3.16,6.81,14.8,1.25,8.5,22.0,585.0,1056.0,0.554,78.9,0.485,0.379,0.73,2018,10.5,26.5,37.1
6,4,13,13,9,2,Wichita State,4,0,1,6,2018,Wichita State,3.94,4.69,18.5,1.6,9.1,24.0,638.0,1186.0,0.538,83.0,0.478,0.385,0.738,2018,12.2,28.3,40.5
7,4,13,13,9,2,Marshall,13,1,0,7,2018,Marshall,5.94,6.82,17.2,1.31,10.0,28.0,651.0,1153.0,0.565,84.3,0.469,0.354,0.767,2018,8.1,28.1,36.2
8,6,11,6,5,1,Florida,6,1,1,8,2018,Florida,4.72,6.91,13.0,1.32,9.1,24.0,549.0,1159.0,0.474,76.1,0.434,0.375,0.719,2018,10.8,24.3,35.1
9,6,11,6,5,1,St. Bonaventure,11,0,0,9,2018,St. Bonaventure,3.59,6.94,14.2,1.24,7.8,19.0,596.0,1228.0,0.485,77.9,0.456,0.398,0.754,2018,10.3,25.2,35.6
10,3,14,3,11,1,Texas Tech,3,1,1,10,2018,Texas Tech,4.27,7.39,14.4,1.15,7.0,19.0,631.0,1226.0,0.515,75.2,0.464,0.366,0.701,2018,11.0,24.9,35.9
11,3,14,3,11,1,Stephen F. Austin,14,0,0,11,2018,Stephen F. Austin,3.06,10.32,14.4,0.92,7.0,19.0,745.0,1375.0,0.542,81.1,0.488,0.372,0.705,2018,11.7,24.1,35.8
12,7,10,10,3,2,Arkansas,7,0,1,12,2018,Arkansas,4.62,6.24,14.5,1.32,7.8,19.0,720.0,1402.0,0.514,81.1,0.477,0.401,0.678,2018,10.2,24.6,34.8
13,7,10,10,3,2,Butler,10,1,0,13,2018,Butler,2.94,6.73,14.0,1.25,8.2,23.0,694.0,1282.0,0.541,79.1,0.472,0.356,0.771,2018,9.2,24.8,34.0
14,2,15,2,13,1,Purdue,2,1,1,14,2018,Purdue,5.03,5.82,16.7,1.56,9.6,23.0,632.0,1152.0,0.549,81.1,0.497,0.42,0.743,2018,8.4,26.6,35.0
115,2,15,2,13,1,Cal State Fullerton,15,0,0,15,2018,CSU Fullerton,3.26,6.39,12.8,0.9,5.3,16.0,623.0,1189.0,0.524,73.2,0.47,0.338,0.734,2018,8.9,26.3,35.1
15,1,9,1,8,1,Villanova,1,1,1,16,2018,Villanova,3.97,6.68,16.7,1.61,11.4,29.0,667.0,1117.0,0.597,87.1,0.504,0.398,0.771,2018,9.4,26.2,35.6
16,1,9,1,8,1,Alabama,9,0,0,17,2018,Alabama,5.47,6.41,12.5,0.89,6.4,20.0,643.0,1208.0,0.532,72.4,0.458,0.324,0.672,2018,10.0,26.3,36.3
17,5,13,5,8,1,West Virginia,5,1,1,18,2018,West Virginia,5.26,8.03,15.1,1.33,8.8,25.0,645.0,1329.0,0.485,79.6,0.434,0.353,0.766,2018,14.0,23.9,37.9
18,5,13,5,8,1,Marshall,13,0,0,19,2018,Marshall,5.94,6.82,17.2,1.31,10.0,28.0,651.0,1153.0,0.565,84.3,0.469,0.354,0.767,2018,8.1,28.1,36.2
19,6,3,3,3,1,Florida,6,0,0,20,2018,Florida,4.72,6.91,13.0,1.32,9.1,24.0,549.0,1159.0,0.474,76.1,0.434,0.375,0.719,2018,10.8,24.3,35.1
20,6,3,3,3,1,Texas Tech,3,1,1,21,2018,Texas Tech,4.27,7.39,14.4,1.15,7.0,19.0,631.0,1226.0,0.515,75.2,0.464,0.366,0.701,2018,11.0,24.9,35.9
21,10,2,2,8,1,Butler,10,0,0,22,2018,Butler,2.94,6.73,14.0,1.25,8.2,23.0,694.0,1282.0,0.541,79.1,0.472,0.356,0.771,2018,9.2,24.8,34.0
22,10,2,2,8,1,Purdue,2,1,1,23,2018,Purdue,5.03,5.82,16.7,1.56,9.6,23.0,632.0,1152.0,0.549,81.1,0.497,0.42,0.743,2018,8.4,26.6,35.0
23,1,5,1,4,1,Villanova,1,1,1,24,2018,Villanova,3.97,6.68,16.7,1.61,11.4,29.0,667.0,1117.0,0.597,87.1,0.504,0.398,0.771,2018,9.4,26.2,35.6
24,1,5,1,4,1,West Virginia,5,0,0,25,2018,West Virginia,5.26,8.03,15.1,1.33,8.8,25.0,645.0,1329.0,0.485,79.6,0.434,0.353,0.766,2018,14.0,23.9,37.9
25,3,2,3,1,2,Texas Tech,3,1,0,26,2018,Texas Tech,4.27,7.39,14.4,1.15,7.0,19.0,631.0,1226.0,0.515,75.2,0.464,0.366,0.701,2018,11.0,24.9,35.9
26,3,2,3,1,2,Purdue,2,0,1,27,2018,Purdue,5.03,5.82,16.7,1.56,9.6,23.0,632.0,1152.0,0.549,81.1,0.497,0.42,0.743,2018,8.4,26.6,35.0
27,1,3,1,2,1,Villanova,1,1,1,28,2018,Villanova,3.97,6.68,16.7,1.61,11.4,29.0,667.0,1117.0,0.597,87.1,0.504,0.398,0.771,2018,9.4,26.2,35.6
28,1,3,1,2,1,Texas Tech,3,0,0,29,2018,Texas Tech,4.27,7.39,14.4,1.15,7.0,19.0,631.0,1226.0,0.515,75.2,0.464,0.366,0.701,2018,11.0,24.9,35.9
29,1,16,1,15,1,Kansas,1,1,1,30,2018,Kansas,4.18,6.62,17.0,1.46,10.1,25.0,679.0,1201.0,0.565,81.5,0.498,0.403,0.7,2018,9.6,25.6,35.2
116,1,16,1,15,1,Penn,16,0,0,31,2018,Pennsylvania,2.81,6.03,15.5,1.29,8.8,25.0,575.0,1057.0,0.544,76.7,0.46,0.347,0.663,2018,8.9,29.1,37.9
30,8,9,8,1,1,Seton Hall,8,1,1,32,2018,Seton Hall,3.5,6.28,15.8,1.23,7.3,20.0,681.0,1311.0,0.519,79.0,0.468,0.364,0.693,2018,12.2,26.0,38.2
31,8,9,8,1,1,NC State,9,0,0,33,2018,NC State,3.81,7.5,16.2,1.33,7.9,21.0,685.0,1316.0,0.521,81.2,0.47,0.372,0.7,2018,12.2,23.5,35.7
32,5,12,5,7,1,Clemson,5,1,1,34,2018,Clemson,4.84,5.69,13.2,1.09,8.3,23.0,543.0,1060.0,0.512,73.3,0.453,0.366,0.757,2018,9.0,26.5,35.5
33,5,12,5,7,1,New Mexico State,12,0,0,35,2018,New Mexico State,3.09,5.64,14.1,1.11,7.5,23.0,690.0,1294.0,0.533,75.9,0.46,0.333,0.643,2018,12.7,28.8,41.5
34,4,13,4,9,1,Auburn,4,1,1,36,2018,Auburn,5.41,7.44,14.4,1.18,9.8,27.0,556.0,1125.0,0.494,83.4,0.439,0.366,0.786,2018,12.1,26.0,38.2
117,4,13,4,9,1,College of Charleston,13,0,0,37,2018,Charleston,3.61,5.18,11.4,1.19,7.7,21.0,598.0,1155.0,0.518,75.1,0.46,0.364,0.759,2018,8.5,24.5,33.0
35,6,11,11,5,2,TCU,6,0,1,38,2018,TCU,3.59,6.59,18.8,1.48,8.5,21.0,689.0,1248.0,0.552,83.0,0.499,0.4,0.708,2018,11.3,25.2,36.4
36,6,11,11,5,2,Syracuse,11,1,0,39,2018,Syracuse,5.58,7.24,11.0,0.87,5.8,18.0,558.0,1196.0,0.467,67.5,0.418,0.322,0.741,2018,12.1,25.3,37.4
37,3,14,3,11,1,Michigan State,3,1,1,40,2018,Michigan State,7.36,4.09,19.3,1.47,8.4,20.0,666.0,1201.0,0.555,81.0,0.504,0.413,0.751,2018,11.1,29.8,40.8
38,3,14,3,11,1,Bucknell,14,0,0,41,2018,Bucknell,4.44,5.62,14.5,1.15,7.9,23.0,673.0,1211.0,0.556,81.1,0.472,0.343,0.718,2018,9.4,27.5,36.9
39,7,10,7,3,1,Rhode Island,7,1,1,42,2018,Rhode Island,3.45,7.65,15.4,1.45,6.8,19.0,669.0,1304.0,0.513,76.8,0.462,0.35,0.712,2018,11.3,23.0,34.3
40,7,10,7,3,1,Oklahoma,10,0,0,43,2018,Oklahoma,4.71,6.58,15.1,1.13,9.5,26.0,629.0,1177.0,0.534,85.2,0.464,0.363,0.748,2018,10.4,27.9,38.3
41,2,15,2,13,1,Duke,2,1,1,44,2018,Duke,5.36,7.52,17.5,1.39,8.3,22.0,734.0,1319.0,0.556,84.7,0.493,0.378,0.708,2018,13.5,28.3,41.9
42,2,15,2,13,1,Iona,15,0,0,45,2018,Iona,3.06,6.79,15.9,1.37,9.7,25.0,612.0,1195.0,0.512,79.8,0.462,0.388,0.739,2018,8.5,25.3,33.8
43,1,8,1,7,1,Kansas,1,1,1,46,2018,Kansas,4.18,6.62,17.0,1.46,10.1,25.0,679.0,1201.0,0.565,81.5,0.498,0.403,0.7,2018,9.6,25.6,35.2
44,1,8,1,7,1,Seton Hall,8,0,0,47,2018,Seton Hall,3.5,6.28,15.8,1.23,7.3,20.0,681.0,1311.0,0.519,79.0,0.468,0.364,0.693,2018,12.2,26.0,38.2
45,5,4,5,1,2,Clemson,5,1,0,48,2018,Clemson,4.84,5.69,13.2,1.09,8.3,23.0,543.0,1060.0,0.512,73.3,0.453,0.366,0.757,2018,9.0,26.5,35.5
46,5,4,5,1,2,Auburn,4,0,1,49,2018,Auburn,5.41,7.44,14.4,1.18,9.8,27.0,556.0,1125.0,0.494,83.4,0.439,0.366,0.786,2018,12.1,26.0,38.2
47,11,3,11,8,2,Syracuse,11,1,0,50,2018,Syracuse,5.58,7.24,11.0,0.87,5.8,18.0,558.0,1196.0,0.467,67.5,0.418,0.322,0.741,2018,12.1,25.3,37.4
48,11,3,11,8,2,Michigan State,3,0,1,51,2018,Michigan State,7.36,4.09,19.3,1.47,8.4,20.0,666.0,1201.0,0.555,81.0,0.504,0.413,0.751,2018,11.1,29.8,40.8
49,7,2,2,5,1,Rhode Island,7,0,0,52,2018,Rhode Island,3.45,7.65,15.4,1.45,6.8,19.0,669.0,1304.0,0.513,76.8,0.462,0.35,0.712,2018,11.3,23.0,34.3
50,7,2,2,5,1,Duke,2,1,1,53,2018,Duke,5.36,7.52,17.5,1.39,8.3,22.0,734.0,1319.0,0.556,84.7,0.493,0.378,0.708,2018,13.5,28.3,41.9
51,1,5,1,4,1,Kansas,1,1,1,54,2018,Kansas,4.18,6.62,17.0,1.46,10.1,25.0,679.0,1201.0,0.565,81.5,0.498,0.403,0.7,2018,9.6,25.6,35.2
52,1,5,1,4,1,Clemson,5,0,0,55,2018,Clemson,4.84,5.69,13.2,1.09,8.3,23.0,543.0,1060.0,0.512,73.3,0.453,0.366,0.757,2018,9.0,26.5,35.5
53,11,2,2,9,1,Syracuse,11,0,0,56,2018,Syracuse,5.58,7.24,11.0,0.87,5.8,18.0,558.0,1196.0,0.467,67.5,0.418,0.322,0.741,2018,12.1,25.3,37.4
54,11,2,2,9,1,Duke,2,1,1,57,2018,Duke,5.36,7.52,17.5,1.39,8.3,22.0,734.0,1319.0,0.556,84.7,0.493,0.378,0.708,2018,13.5,28.3,41.9
55,1,2,1,1,1,Kansas,1,1,1,58,2018,Kansas,4.18,6.62,17.0,1.46,10.1,25.0,679.0,1201.0,0.565,81.5,0.498,0.403,0.7,2018,9.6,25.6,35.2
56,1,2,1,1,1,Duke,2,0,0,59,2018,Duke,5.36,7.52,17.5,1.39,8.3,22.0,734.0,1319.0,0.556,84.7,0.493,0.378,0.708,2018,13.5,28.3,41.9
57,1,16,1,15,1,Xavier,1,1,1,60,2018,Xavier,2.94,5.85,16.6,1.34,7.8,21.0,695.0,1243.0,0.559,84.3,0.491,0.369,0.79,2018,9.8,28.6,38.4
58,1,16,1,15,1,Texas Southern,16,0,0,61,2018,Texas Southern,3.94,5.59,12.3,0.97,7.8,22.0,612.0,1257.0,0.487,77.6,0.441,0.363,0.719,2018,10.3,25.9,36.2
59,8,9,9,1,2,Missouri,8,0,1,62,2018,Missouri,4.25,5.16,13.6,0.96,9.3,24.0,480.0,941.0,0.51,73.3,0.453,0.385,0.736,2018,10.2,26.8,37.0
60,8,9,9,1,2,Florida State,9,1,0,63,2018,Florida State,5.16,6.71,15.3,1.17,8.0,23.0,658.0,1206.0,0.546,81.8,0.474,0.351,0.685,2018,11.7,26.3,38.0
61,5,12,5,7,1,Ohio State,5,1,1,64,2018,Ohio State,4.0,6.03,14.8,1.25,6.8,19.0,678.0,1230.0,0.551,75.8,0.485,0.353,0.726,2018,9.7,26.9,36.6
62,5,12,5,7,1,South Dakota State,12,0,0,65,2018,South Dakota State,2.29,4.97,13.5,1.35,10.6,26.0,618.0,1188.0,0.52,84.9,0.47,0.403,0.76,2018,8.9,30.1,39.0
63,4,13,4,9,1,Gonzaga,4,1,1,66,2018,Gonzaga,3.71,6.44,15.7,1.39,9.1,24.0,740.0,1259.0,0.588,84.5,0.503,0.374,0.722,2018,11.1,28.9,39.9
64,4,13,4,9,1,UNC Greensboro,13,0,0,67,2018,UNC Greensboro,3.85,7.74,14.1,1.03,9.6,27.0,568.0,1092.0,0.52,73.5,0.446,0.358,0.701,2018,11.9,25.2,37.1
65,6,11,6,5,1,Houston,6,1,1,68,2018,Houston,3.16,6.38,15.0,1.23,8.7,22.0,613.0,1184.0,0.518,78.1,0.469,0.389,0.714,2018,11.9,26.9,38.9
66,6,11,6,5,1,San Diego State,11,0,0,69,2018,San Diego State,3.19,6.31,14.9,1.25,7.3,22.0,647.0,1220.0,0.53,77.5,0.461,0.339,0.721,2018,11.1,26.6,37.7
67,3,14,3,11,1,Michigan,3,1,1,70,2018,Michigan,3.17,6.26,14.8,1.62,9.1,25.0,623.0,1135.0,0.549,74.5,0.471,0.369,0.659,2018,8.6,24.7,33.3
68,3,14,3,11,1,Montana,14,0,0,71,2018,Montana,3.39,7.79,12.8,1.03,5.5,16.0,743.0,1431.0,0.519,78.1,0.471,0.343,0.706,2018,11.9,25.2,37.1
69,7,10,7,3,1,Texas A&M,7,1,1,72,2018,Texas A&M,5.91,5.59,15.5,1.14,6.6,20.0,676.0,1297.0,0.521,75.0,0.457,0.327,0.667,2018,12.6,28.8,41.3
70,7,10,7,3,1,Providence,10,0,0,73,2018,Providence,3.76,6.85,13.8,1.1,6.4,19.0,655.0,1324.0,0.495,73.7,0.442,0.333,0.703,2018,10.7,25.2,35.9
118,2,15,2,13,1,UNC,2,1,1,74,2018,North Carolina,4.26,5.66,18.2,1.52,8.3,23.0,758.0,1483.0,0.511,82.0,0.46,0.364,0.741,2018,14.1,28.4,42.5
71,2,15,2,13,1,Lipscomb,15,0,0,75,2018,Lipscomb,3.13,6.47,15.7,1.05,8.1,25.0,641.0,1191.0,0.538,82.6,0.456,0.331,0.715,2018,10.6,28.3,39.0
72,1,9,9,8,2,Xavier,1,0,1,76,2018,Xavier,2.94,5.85,16.6,1.34,7.8,21.0,695.0,1243.0,0.559,84.3,0.491,0.369,0.79,2018,9.8,28.6,38.4
73,1,9,9,8,2,Florida State,9,1,0,77,2018,Florida State,5.16,6.71,15.3,1.17,8.0,23.0,658.0,1206.0,0.546,81.8,0.474,0.351,0.685,2018,11.7,26.3,38.0
74,5,4,4,1,1,Ohio State,5,0,0,78,2018,Ohio State,4.0,6.03,14.8,1.25,6.8,19.0,678.0,1230.0,0.551,75.8,0.485,0.353,0.726,2018,9.7,26.9,36.6
75,5,4,4,1,1,Gonzaga,4,1,1,79,2018,Gonzaga,3.71,6.44,15.7,1.39,9.1,24.0,740.0,1259.0,0.588,84.5,0.503,0.374,0.722,2018,11.1,28.9,39.9
76,6,3,3,3,1,Houston,6,0,0,80,2018,Houston,3.16,6.38,15.0,1.23,8.7,22.0,613.0,1184.0,0.518,78.1,0.469,0.389,0.714,2018,11.9,26.9,38.9
77,6,3,3,3,1,Michigan,3,1,1,81,2018,Michigan,3.17,6.26,14.8,1.62,9.1,25.0,623.0,1135.0,0.549,74.5,0.471,0.369,0.659,2018,8.6,24.7,33.3
78,7,2,7,5,2,Texas A&M,7,1,0,82,2018,Texas A&M,5.91,5.59,15.5,1.14,6.6,20.0,676.0,1297.0,0.521,75.0,0.457,0.327,0.667,2018,12.6,28.8,41.3
119,7,2,7,5,2,UNC,2,0,1,83,2018,North Carolina,4.26,5.66,18.2,1.52,8.3,23.0,758.0,1483.0,0.511,82.0,0.46,0.364,0.741,2018,14.1,28.4,42.5
79,9,4,9,5,2,Florida State,9,1,0,84,2018,Florida State,5.16,6.71,15.3,1.17,8.0,23.0,658.0,1206.0,0.546,81.8,0.474,0.351,0.685,2018,11.7,26.3,38.0
80,9,4,9,5,2,Gonzaga,4,0,1,85,2018,Gonzaga,3.71,6.44,15.7,1.39,9.1,24.0,740.0,1259.0,0.588,84.5,0.503,0.374,0.722,2018,11.1,28.9,39.9
81,3,7,3,4,1,Michigan,3,1,1,86,2018,Michigan,3.17,6.26,14.8,1.62,9.1,25.0,623.0,1135.0,0.549,74.5,0.471,0.369,0.659,2018,8.6,24.7,33.3
82,3,7,3,4,1,Texas A&M,7,0,0,87,2018,Texas A&M,5.91,5.59,15.5,1.14,6.6,20.0,676.0,1297.0,0.521,75.0,0.457,0.327,0.667,2018,12.6,28.8,41.3
83,9,3,3,6,1,Florida State,9,0,0,88,2018,Florida State,5.16,6.71,15.3,1.17,8.0,23.0,658.0,1206.0,0.546,81.8,0.474,0.351,0.685,2018,11.7,26.3,38.0
84,9,3,3,6,1,Michigan,3,1,1,89,2018,Michigan,3.17,6.26,14.8,1.62,9.1,25.0,623.0,1135.0,0.549,74.5,0.471,0.369,0.659,2018,8.6,24.7,33.3
85,1,16,16,15,2,Virginia,1,0,1,90,2018,Virginia,3.73,6.79,13.7,1.6,7.4,19.0,582.0,1165.0,0.5,67.5,0.461,0.39,0.758,2018,8.4,24.3,32.7
86,1,16,16,15,2,UMBC,16,1,0,91,2018,UMBC,2.5,7.53,15.4,1.28,10.2,26.0,540.0,1099.0,0.491,73.9,0.445,0.387,0.649,2018,9.9,24.9,34.8
87,8,9,9,1,2,Creighton,8,0,1,92,2018,Creighton,2.66,5.66,18.0,1.61,10.4,28.0,651.0,1093.0,0.596,84.3,0.497,0.376,0.747,2018,7.3,29.0,36.3
88,8,9,9,1,2,Kansas State,9,1,0,93,2018,Kansas State,3.0,7.79,14.3,1.25,6.9,20.0,625.0,1145.0,0.546,72.4,0.472,0.344,0.743,2018,8.2,22.4,30.6
89,5,12,5,7,1,Kentucky,5,1,1,94,2018,Kentucky,4.85,5.61,13.5,1.03,5.4,15.0,717.0,1411.0,0.508,76.7,0.469,0.358,0.693,2018,12.1,26.7,38.8
90,5,12,5,7,1,Davidson,12,0,0,95,2018,Davidson,1.9,4.81,17.1,1.8,10.8,28.0,520.0,907.0,0.573,77.0,0.486,0.393,0.794,2018,6.9,25.9,32.8
91,4,13,13,9,2,Arizona,4,0,1,96,2018,Arizona,4.56,4.97,15.2,1.24,6.9,18.0,745.0,1315.0,0.567,80.9,0.505,0.377,0.76,2018,10.0,26.6,36.6
92,4,13,13,9,2,Buffalo,13,1,0,97,2018,Buffalo,4.21,6.38,16.9,1.35,9.7,26.0,716.0,1319.0,0.543,84.8,0.474,0.371,0.697,2018,12.0,27.0,39.0
120,6,11,11,5,2,Miami (FL),6,0,1,98,2018,Miami,3.97,6.55,13.3,1.18,7.8,22.0,607.0,1163.0,0.522,74.2,0.464,0.363,0.663,2018,10.0,24.9,34.8
121,6,11,11,5,2,Loyola (IL),11,1,0,99,2018,Loyola Chicago,2.48,6.64,15.8,1.29,7.5,19.0,623.0,1096.0,0.568,72.4,0.507,0.398,0.724,2018,6.3,26.0,32.3
93,3,14,3,11,1,Tennessee,3,1,1,100,2018,Tennessee,4.53,6.38,15.9,1.29,7.8,20.0,561.0,1187.0,0.473,74.3,0.441,0.384,0.755,2018,11.5,24.8,36.2
94,3,14,3,11,1,Wright State,14,0,0,101,2018,Wright State,2.21,6.65,13.3,1.01,6.9,20.0,621.0,1277.0,0.486,72.1,0.436,0.342,0.717,2018,10.2,26.1,36.3
95,7,10,7,3,1,Nevada,7,1,1,102,2018,Nevada,4.09,6.26,16.4,1.65,9.7,24.0,633.0,1226.0,0.516,83.1,0.468,0.398,0.747,2018,9.5,26.6,36.0
96,7,10,7,3,1,Texas,10,0,0,103,2018,Texas,4.97,6.21,11.6,0.98,7.1,22.0,617.0,1201.0,0.514,71.7,0.438,0.315,0.668,2018,10.6,25.2,35.8
97,2,15,2,13,1,Cincinnati,2,1,1,104,2018,Cincinnati,5.55,7.39,16.2,1.42,7.4,21.0,629.0,1245.0,0.505,75.0,0.453,0.358,0.688,2018,13.2,25.9,39.1
98,2,15,2,13,1,Georgia State,15,0,0,105,2018,Georgia State,4.55,7.21,13.4,1.17,9.3,24.0,584.0,1129.0,0.517,75.4,0.463,0.386,0.672,2018,8.9,25.2,34.1
99,16,9,9,7,1,UMBC,16,0,0,106,2018,UMBC,2.5,7.53,15.4,1.28,10.2,26.0,540.0,1099.0,0.491,73.9,0.445,0.387,0.649,2018,9.9,24.9,34.8
100,16,9,9,7,1,Kansas State,9,1,1,107,2018,Kansas State,3.0,7.79,14.3,1.25,6.9,20.0,625.0,1145.0,0.546,72.4,0.472,0.344,0.743,2018,8.2,22.4,30.6
101,5,13,5,8,1,Kentucky,5,1,1,108,2018,Kentucky,4.85,5.61,13.5,1.03,5.4,15.0,717.0,1411.0,0.508,76.7,0.469,0.358,0.693,2018,12.1,26.7,38.8
102,5,13,5,8,1,Buffalo,13,0,0,109,2018,Buffalo,4.21,6.38,16.9,1.35,9.7,26.0,716.0,1319.0,0.543,84.8,0.474,0.371,0.697,2018,12.0,27.0,39.0
122,11,3,11,8,2,Loyola (IL),11,1,0,110,2018,Loyola Chicago,2.48,6.64,15.8,1.29,7.5,19.0,623.0,1096.0,0.568,72.4,0.507,0.398,0.724,2018,6.3,26.0,32.3
103,11,3,11,8,2,Tennessee,3,0,1,111,2018,Tennessee,4.53,6.38,15.9,1.29,7.8,20.0,561.0,1187.0,0.473,74.3,0.441,0.384,0.755,2018,11.5,24.8,36.2
104,7,2,7,5,2,Nevada,7,1,0,112,2018,Nevada,4.09,6.26,16.4,1.65,9.7,24.0,633.0,1226.0,0.516,83.1,0.468,0.398,0.747,2018,9.5,26.6,36.0
105,7,2,7,5,2,Cincinnati,2,0,1,113,2018,Cincinnati,5.55,7.39,16.2,1.42,7.4,21.0,629.0,1245.0,0.505,75.0,0.453,0.358,0.688,2018,13.2,25.9,39.1
106,9,5,9,4,2,Kansas State,9,1,0,114,2018,Kansas State,3.0,7.79,14.3,1.25,6.9,20.0,625.0,1145.0,0.546,72.4,0.472,0.344,0.743,2018,8.2,22.4,30.6
107,9,5,9,4,2,Kentucky,5,0,1,115,2018,Kentucky,4.85,5.61,13.5,1.03,5.4,15.0,717.0,1411.0,0.508,76.7,0.469,0.358,0.693,2018,12.1,26.7,38.8
123,11,7,11,4,2,Loyola (IL),11,1,0,116,2018,Loyola Chicago,2.48,6.64,15.8,1.29,7.5,19.0,623.0,1096.0,0.568,72.4,0.507,0.398,0.724,2018,6.3,26.0,32.3
108,11,7,11,4,2,Nevada,7,0,1,117,2018,Nevada,4.09,6.26,16.4,1.65,9.7,24.0,633.0,1226.0,0.516,83.1,0.468,0.398,0.747,2018,9.5,26.6,36.0
109,9,11,11,2,2,Kansas State,9,0,1,118,2018,Kansas State,3.0,7.79,14.3,1.25,6.9,20.0,625.0,1145.0,0.546,72.4,0.472,0.344,0.743,2018,8.2,22.4,30.6
124,9,11,11,2,2,Loyola (IL),11,1,0,119,2018,Loyola Chicago,2.48,6.64,15.8,1.29,7.5,19.0,623.0,1096.0,0.568,72.4,0.507,0.398,0.724,2018,6.3,26.0,32.3
110,1,1,1,0,0,Villanova,1,1,9999,120,2018,Villanova,3.97,6.68,16.7,1.61,11.4,29.0,667.0,1117.0,0.597,87.1,0.504,0.398,0.771,2018,9.4,26.2,35.6
111,1,1,1,0,0,Kansas,1,0,9999,121,2018,Kansas,4.18,6.62,17.0,1.46,10.1,25.0,679.0,1201.0,0.565,81.5,0.498,0.403,0.7,2018,9.6,25.6,35.2
125,11,3,3,8,1,Loyola (IL),11,0,0,122,2018,Loyola Chicago,2.48,6.64,15.8,1.29,7.5,19.0,623.0,1096.0,0.568,72.4,0.507,0.398,0.724,2018,6.3,26.0,32.3
112,11,3,3,8,1,Michigan,3,1,1,123,2018,Michigan,3.17,6.26,14.8,1.62,9.1,25.0,623.0,1135.0,0.549,74.5,0.471,0.369,0.659,2018,8.6,24.7,33.3
113,1,3,1,2,1,Villanova,1,1,1,124,2018,Villanova,3.97,6.68,16.7,1.61,11.4,29.0,667.0,1117.0,0.597,87.1,0.504,0.398,0.771,2018,9.4,26.2,35.6
114,1,3,1,2,1,Michigan,3,0,0,125,2018,Michigan,3.17,6.26,14.8,1.62,9.1,25.0,623.0,1135.0,0.549,74.5,0.471,0.369,0.659,2018,8.6,24.7,33.3
