,name,PTS,FG_perc,_3p_perc,FT_perc,year
0,Belmont,87.4,0.499,0.373,0.738,2019
1,Gonzaga,88.8,0.532,0.365,0.767,2019
2,The Citadel,85.1,0.447,0.344,0.736,2019
3,North Carolina,86.1,0.464,0.365,0.742,2019
4,South Dakota State,84.9,0.503,0.41,0.776,2019
5,Buffalo,84.9,0.462,0.335,0.691,2019
6,Duke,83.5,0.477,0.302,0.69,2019
7,Hofstra,83.6,0.488,0.389,0.799,2019
8,Winthrop,83.3,0.455,0.373,0.738,2019
9,Lipscomb,83.4,0.483,0.371,0.752,2019
10,Wofford,83.0,0.493,0.416,0.699,2019
11,Murray State,83.3,0.496,0.348,0.738,2019
12,Central Michigan,82.6,0.454,0.371,0.673,2019
13,Purdue Fort Wayne,82.7,0.481,0.379,0.693,2019
14,Georgia Southern,82.6,0.499,0.323,0.692,2019
15,Eastern Kentucky,82.6,0.424,0.327,0.712,2019
16,Tennessee,82.3,0.498,0.358,0.762,2019
17,Florida International,82.6,0.441,0.306,0.639,2019
18,Houston Baptist,82.2,0.456,0.34,0.675,2019
19,Austin Peay,82.2,0.472,0.382,0.706,2019
20,Louisiana,81.6,0.445,0.345,0.742,2019
21,Hampton,81.7,0.434,0.344,0.782,2019
22,Nevada,80.7,0.466,0.351,0.708,2019
23,LSU,81.4,0.462,0.323,0.754,2019
24,Yale,80.6,0.494,0.37,0.725,2019
25,Memphis,80.6,0.452,0.325,0.711,2019
26,Marshall,80.2,0.441,0.348,0.727,2019
27,Green Bay,80.4,0.453,0.339,0.704,2019
28,Lehigh,80.0,0.482,0.423,0.774,2019
29,Texas Southern,80.0,0.45,0.322,0.666,2019
30,Georgetown,79.9,0.445,0.359,0.735,2019
31,Sacred Heart,79.9,0.46,0.357,0.755,2019
32,NC State,79.6,0.458,0.353,0.711,2019
33,Appalachian State,79.9,0.454,0.359,0.715,2019
34,Weber State,79.3,0.476,0.364,0.746,2019
35,Auburn,79.4,0.449,0.376,0.71,2019
36,East Tennessee State,79.2,0.485,0.36,0.666,2019
37,Michigan State,79.2,0.488,0.383,0.75,2019
38,Howard,79.2,0.434,0.364,0.722,2019
39,Utah State,79.2,0.474,0.355,0.747,2019
40,BYU,79.0,0.468,0.33,0.727,2019
41,Northern Kentucky,79.1,0.481,0.366,0.665,2019
42,Creighton,78.8,0.482,0.394,0.685,2019
43,Omaha,78.8,0.475,0.392,0.721,2019
44,Presbyterian,78.6,0.45,0.38,0.738,2019
45,Lamar,78.7,0.456,0.343,0.687,2019
46,Iowa,78.3,0.455,0.361,0.74,2019
47,Bowling Green,78.5,0.443,0.357,0.67,2019
48,Gardner-Webb,78.3,0.488,0.391,0.711,2019
49,UL Monroe,78.3,0.452,0.395,0.782,2019
50,California Baptist,78.3,0.45,0.36,0.783,2019
51,Samford,78.3,0.472,0.37,0.731,2019
52,UCLA,78.2,0.457,0.355,0.633,2019
53,Montana State,78.2,0.456,0.374,0.737,2019
54,Jacksonville State,78.0,0.462,0.315,0.743,2019
55,New Mexico State,78.1,0.459,0.335,0.675,2019
56,Arizona State,77.8,0.447,0.341,0.671,2019
57,Furman,77.9,0.476,0.363,0.714,2019
58,UTSA,77.5,0.433,0.344,0.737,2019
59,Marquette,77.7,0.459,0.393,0.759,2019
60,Iowa State,77.4,0.477,0.365,0.732,2019
61,St. John's,77.5,0.454,0.361,0.725,2019
62,Mississippi State,77.3,0.472,0.378,0.715,2019
63,Portland State,77.3,0.424,0.309,0.702,2019
64,Utah Valley,77.2,0.485,0.385,0.725,2019
65,Toledo,77.3,0.454,0.38,0.771,2019
66,DePaul,76.9,0.467,0.345,0.716,2019
67,Georgia State,77.2,0.466,0.388,0.659,2019
68,Rider,76.8,0.447,0.341,0.616,2019
69,Iona,76.8,0.453,0.351,0.741,2019
70,Montana,76.8,0.497,0.38,0.689,2019
71,Bucknell,76.8,0.45,0.351,0.749,2019
72,Kentucky,76.7,0.478,0.364,0.74,2019
73,UMass Lowell,76.8,0.472,0.341,0.72,2019
74,Northern Colorado,76.6,0.462,0.362,0.703,2019
75,Oakland,76.7,0.464,0.385,0.742,2019
76,St. Francis (PA),76.4,0.437,0.35,0.703,2019
77,Fresno State,76.5,0.454,0.381,0.72,2019
78,USC,76.3,0.46,0.382,0.645,2019
79,New Mexico,76.3,0.422,0.346,0.702,2019
80,Coastal Carolina,76.3,0.45,0.366,0.72,2019
81,CSU Northridge,76.3,0.462,0.366,0.637,2019
82,UNC Wilmington,76.2,0.443,0.349,0.733,2019
83,Charleston Southern,76.2,0.429,0.352,0.676,2019
84,Houston,76.2,0.449,0.364,0.704,2019
85,Purdue,76.2,0.446,0.364,0.732,2019
86,Northeastern,76.1,0.482,0.388,0.751,2019
87,Savannah St,76.1,0.397,0.293,0.676,2019
88,IUPUI,76.1,0.453,0.338,0.701,2019
89,San Francisco,76.1,0.467,0.355,0.655,2019
90,UNC Greensboro,76.0,0.457,0.345,0.699,2019
91,VMI,76.0,0.427,0.359,0.73,2019
92,Colgate,75.8,0.48,0.388,0.741,2019
93,UT Martin,76.0,0.446,0.344,0.754,2019
94,Campbell,75.8,0.456,0.344,0.758,2019
95,Southern Utah,75.8,0.444,0.346,0.714,2019
96,Grand Canyon,75.7,0.454,0.332,0.733,2019
97,Drexel,75.8,0.46,0.354,0.753,2019
98,Utah,75.6,0.464,0.37,0.706,2019
99,Pepperdine,75.6,0.444,0.382,0.76,2019
100,Youngstown St,75.5,0.427,0.34,0.701,2019
101,Arkansas,75.5,0.447,0.342,0.665,2019
102,Fairleigh Dickinson,75.4,0.478,0.404,0.732,2019
103,Drake,75.5,0.471,0.364,0.753,2019
104,Kansas,75.4,0.462,0.35,0.697,2019
105,Ole Miss,75.4,0.459,0.358,0.783,2019
106,Sam Houston State,75.2,0.441,0.369,0.757,2019
107,North Florida,75.3,0.448,0.343,0.692,2019
108,Ball State,75.1,0.47,0.325,0.702,2019
109,Kent State,75.1,0.432,0.335,0.721,2019
110,Prairie View A&M,75.0,0.438,0.311,0.681,2019
111,Hartford,75.1,0.455,0.381,0.742,2019
112,William & Mary,74.9,0.474,0.346,0.668,2019
113,Florida State,74.9,0.443,0.336,0.741,2019
114,Temple,74.8,0.439,0.331,0.731,2019
115,Long Beach State,74.9,0.432,0.344,0.691,2019
116,Washington State,74.8,0.448,0.364,0.755,2019
117,Colorado State,74.8,0.476,0.359,0.694,2019
118,Louisville,74.5,0.434,0.342,0.775,2019
119,UIC,74.7,0.459,0.354,0.682,2019
120,Abilene Christian,74.5,0.474,0.386,0.715,2019
121,Jacksonville,74.5,0.455,0.33,0.677,2019
122,Charleston,74.3,0.483,0.34,0.764,2019
123,Villanova,74.5,0.439,0.353,0.727,2019
124,Cleveland State,74.2,0.436,0.37,0.682,2019
125,Little Rock,74.2,0.484,0.354,0.656,2019
126,TCU,74.1,0.458,0.352,0.686,2019
127,Long Island University,74.2,0.437,0.341,0.703,2019
128,Virginia Tech,74.0,0.475,0.394,0.758,2019
129,Liberty,74.0,0.49,0.367,0.771,2019
130,Rice,74.0,0.426,0.348,0.686,2019
131,North Dakota,74.0,0.464,0.372,0.695,2019
132,Seton Hall,73.9,0.441,0.324,0.708,2019
133,Radford,73.9,0.461,0.379,0.717,2019
134,Vermont,73.9,0.459,0.353,0.752,2019
135,Colorado,73.9,0.457,0.324,0.747,2019
136,Bethune-Cookman,73.9,0.439,0.321,0.61,2019
137,Norfolk State,73.9,0.439,0.369,0.715,2019
138,Quinnipiac,73.8,0.425,0.376,0.724,2019
139,UConn,73.8,0.446,0.344,0.68,2019
140,Northern Illinois,73.7,0.471,0.357,0.731,2019
141,Arkansas State,73.7,0.418,0.334,0.735,2019
142,Brown,73.6,0.443,0.337,0.709,2019
143,Morehead State,73.7,0.429,0.341,0.705,2019
144,Columbia,73.5,0.452,0.362,0.706,2019
145,Lafayette,73.6,0.449,0.38,0.744,2019
146,Seattle,73.5,0.439,0.372,0.718,2019
147,Detroit Mercy,73.5,0.418,0.356,0.718,2019
148,UC Santa Barbara,73.4,0.454,0.343,0.716,2019
149,Duquesne,73.5,0.428,0.322,0.694,2019
150,Oregon State,73.4,0.463,0.321,0.742,2019
151,UNLV,73.4,0.427,0.337,0.685,2019
152,Idaho State,73.3,0.447,0.364,0.735,2019
153,Wright State,73.3,0.437,0.342,0.736,2019
154,West Virginia,73.1,0.413,0.317,0.683,2019
155,North Dakota State,73.2,0.456,0.366,0.774,2019
156,SIU-Edwardsville,73.1,0.418,0.302,0.703,2019
157,Texas Tech,73.1,0.472,0.368,0.728,2019
158,Saint Mary's,72.9,0.474,0.378,0.745,2019
159,Northern Arizona,73.0,0.432,0.346,0.705,2019
160,UC Irvine,72.9,0.459,0.361,0.696,2019
161,Dayton,72.9,0.503,0.334,0.69,2019
162,Loyola (MD),72.9,0.459,0.341,0.71,2019
163,South Alabama,72.9,0.46,0.375,0.686,2019
164,Tennessee State,72.7,0.432,0.335,0.701,2019
165,Stanford,72.7,0.453,0.317,0.672,2019
166,Southern Miss,72.7,0.467,0.388,0.655,2019
167,South Carolina,72.7,0.423,0.366,0.682,2019
168,Troy,72.6,0.45,0.335,0.722,2019
169,Illinois,72.7,0.431,0.345,0.702,2019
170,Mercer,72.5,0.451,0.344,0.688,2019
171,Pennsylvania,72.6,0.454,0.351,0.639,2019
172,Nicholls,72.4,0.423,0.368,0.77,2019
173,Niagara,72.4,0.421,0.359,0.736,2019
174,Eastern Washington,72.4,0.429,0.35,0.729,2019
175,Texas State,72.4,0.444,0.329,0.682,2019
176,Oral Roberts,72.3,0.456,0.362,0.691,2019
177,San Diego,72.3,0.459,0.349,0.746,2019
178,Hawai'i,72.3,0.451,0.354,0.693,2019
179,Louisiana Tech,72.3,0.436,0.335,0.657,2019
180,South Florida,72.3,0.429,0.326,0.641,2019
181,Boston University,72.3,0.48,0.346,0.684,2019
182,UCF,72.1,0.463,0.354,0.645,2019
183,Central Arkansas,72.2,0.426,0.352,0.73,2019
184,American,72.0,0.474,0.325,0.698,2019
185,CSU Fullerton,72.1,0.457,0.319,0.703,2019
186,Western Carolina,72.0,0.454,0.37,0.675,2019
187,Morgan State,72.0,0.395,0.322,0.713,2019
188,SMU,72.0,0.442,0.341,0.715,2019
189,Dartmouth,72.0,0.452,0.366,0.72,2019
190,Virginia,71.8,0.478,0.409,0.746,2019
191,Xavier,71.9,0.468,0.333,0.686,2019
192,Butler,71.8,0.445,0.35,0.737,2019
193,Eastern Illinois,71.8,0.432,0.37,0.688,2019
194,Cincinnati,71.8,0.432,0.35,0.702,2019
195,Alabama,71.8,0.441,0.339,0.668,2019
196,Tulsa,71.8,0.448,0.34,0.695,2019
197,Miami,71.8,0.435,0.333,0.735,2019
198,San Diego State,71.7,0.436,0.362,0.716,2019
199,New Orleans,71.7,0.446,0.341,0.687,2019
200,Boise State,71.6,0.469,0.352,0.723,2019
201,Baylor,71.7,0.44,0.34,0.674,2019
202,Indiana,71.5,0.459,0.314,0.661,2019
203,Nebraska,71.6,0.428,0.339,0.695,2019
204,Western Kentucky,71.4,0.447,0.327,0.724,2019
205,SE Missouri St,71.5,0.44,0.37,0.688,2019
206,Stony Brook,71.4,0.422,0.326,0.717,2019
207,VCU,71.4,0.442,0.307,0.698,2019
208,North Carolina Central,71.4,0.456,0.315,0.715,2019
209,Providence,71.4,0.424,0.333,0.691,2019
210,CSU Bakersfield,71.3,0.428,0.332,0.667,2019
211,Maryland,71.3,0.454,0.353,0.748,2019
212,Delaware,71.3,0.459,0.378,0.727,2019
213,Grambling,71.3,0.448,0.399,0.684,2019
214,Oklahoma,71.2,0.445,0.342,0.691,2019
215,Florida Gulf Coast,71.3,0.453,0.372,0.668,2019
216,Georgia,71.1,0.441,0.322,0.705,2019
217,Central Connecticut,71.1,0.414,0.328,0.782,2019
218,St. Francis (BKN),71.0,0.423,0.333,0.677,2019
219,Harvard,71.0,0.457,0.371,0.711,2019
220,Western Illinois,70.9,0.44,0.385,0.73,2019
221,Arizona,70.9,0.427,0.336,0.719,2019
222,Army,70.9,0.428,0.315,0.684,2019
223,Chattanooga,70.9,0.443,0.365,0.683,2019
224,Miami (OH),70.8,0.421,0.323,0.709,2019
225,Sacramento State,70.9,0.448,0.332,0.693,2019
226,Elon,70.8,0.436,0.355,0.693,2019
227,Boston College,70.8,0.425,0.317,0.698,2019
228,Texas,70.8,0.433,0.34,0.709,2019
229,Minnesota,70.8,0.437,0.321,0.679,2019
230,UT Rio Grande Valley,70.7,0.417,0.317,0.696,2019
231,UMass,70.7,0.441,0.35,0.681,2019
232,Wichita State,70.7,0.406,0.31,0.726,2019
233,Michigan,70.7,0.451,0.351,0.695,2019
234,Davidson,70.5,0.448,0.35,0.747,2019
235,South Dakota,70.6,0.438,0.341,0.74,2019
236,Florida Atlantic,70.5,0.412,0.323,0.75,2019
237,Saint Joseph's,70.5,0.408,0.322,0.751,2019
238,Texas A&M,70.4,0.437,0.308,0.693,2019
239,Oregon,70.5,0.45,0.343,0.719,2019
240,UAB,70.4,0.454,0.336,0.669,2019
241,James Madison,70.4,0.442,0.363,0.72,2019
242,South Carolina State,70.2,0.429,0.332,0.742,2019
243,Canisius,70.3,0.435,0.324,0.692,2019
244,Stephen F. Austin,70.2,0.439,0.342,0.682,2019
245,Western Michigan,70.2,0.425,0.315,0.691,2019
246,Richmond,70.1,0.472,0.347,0.661,2019
247,Ohio,70.1,0.437,0.295,0.633,2019
248,North Carolina A&T,70.0,0.459,0.35,0.664,2019
249,George Mason,70.1,0.445,0.33,0.716,2019
250,Pittsburgh,69.9,0.418,0.331,0.697,2019
251,NJIT,70.0,0.445,0.345,0.718,2019
252,Evansville,69.8,0.421,0.34,0.721,2019
253,Washington,69.8,0.453,0.346,0.694,2019
254,Syracuse,69.7,0.424,0.33,0.681,2019
255,North Texas,69.8,0.435,0.339,0.669,2019
256,Ohio State,69.6,0.437,0.343,0.734,2019
257,Penn State,69.7,0.417,0.32,0.693,2019
258,Bryant,69.6,0.422,0.325,0.712,2019
259,Longwood,69.6,0.423,0.344,0.731,2019
260,Denver,69.5,0.438,0.365,0.759,2019
261,Princeton,69.6,0.411,0.305,0.739,2019
262,Stetson,69.4,0.405,0.314,0.692,2019
263,Rhode Island,69.5,0.429,0.28,0.68,2019
264,UT Arlington,69.4,0.411,0.307,0.743,2019
265,UMKC,69.4,0.431,0.356,0.7,2019
266,Indiana State,69.2,0.44,0.363,0.731,2019
267,Milwaukee,69.2,0.42,0.342,0.746,2019
268,Wisconsin,69.1,0.453,0.366,0.649,2019
269,Robert Morris,69.1,0.433,0.354,0.698,2019
270,Missouri State,68.9,0.452,0.345,0.692,2019
271,Clemson,69.0,0.453,0.329,0.734,2019
272,Akron,68.8,0.409,0.32,0.705,2019
273,Eastern Michigan,68.8,0.449,0.295,0.629,2019
274,Cornell,68.7,0.437,0.33,0.719,2019
275,Notre Dame,68.7,0.393,0.315,0.744,2019
276,Southern Illinois,68.6,0.466,0.374,0.685,2019
277,McNeese,68.6,0.45,0.304,0.713,2019
278,Illinois State,68.4,0.431,0.332,0.717,2019
279,California,68.4,0.426,0.35,0.723,2019
280,Florida,68.3,0.427,0.335,0.718,2019
281,Wake Forest,68.4,0.394,0.308,0.725,2019
282,Santa Clara,68.2,0.445,0.36,0.716,2019
283,High Point,68.2,0.444,0.309,0.676,2019
284,Air Force,68.1,0.452,0.329,0.678,2019
285,Vanderbilt,68.1,0.421,0.311,0.673,2019
286,Idaho,67.9,0.441,0.37,0.724,2019
287,Oklahoma State,68.1,0.423,0.372,0.689,2019
288,Tennessee Tech,67.9,0.416,0.344,0.631,2019
289,Rutgers,67.9,0.419,0.312,0.637,2019
290,South Carolina Upstate,67.8,0.414,0.329,0.711,2019
291,Towson,67.8,0.435,0.327,0.695,2019
292,UMBC,67.5,0.433,0.323,0.689,2019
293,Loyola Marymount,67.5,0.457,0.317,0.744,2019
294,La Salle,67.5,0.4,0.331,0.77,2019
295,Mt. St. Mary's,67.5,0.418,0.308,0.678,2019
296,SE Louisiana,67.4,0.441,0.338,0.717,2019
297,Saint Louis,67.4,0.419,0.313,0.6,2019
298,Alabama State,67.3,0.404,0.32,0.652,2019
299,East Carolina,67.4,0.418,0.284,0.682,2019
300,Missouri,67.2,0.43,0.363,0.703,2019
301,Marist,67.3,0.449,0.363,0.685,2019
302,Tulane,67.2,0.411,0.318,0.689,2019
303,Albany,67.2,0.416,0.347,0.745,2019
304,North Alabama,67.0,0.389,0.298,0.674,2019
305,Holy Cross,67.2,0.462,0.354,0.667,2019
306,Fairfield,66.8,0.434,0.35,0.693,2019
307,Middle Tennessee,66.9,0.419,0.326,0.677,2019
308,Pacific,66.8,0.422,0.35,0.745,2019
309,Valparaiso,66.8,0.45,0.316,0.699,2019
310,St. Bonaventure,66.6,0.432,0.326,0.741,2019
311,Bradley,66.6,0.434,0.366,0.693,2019
312,Navy,66.5,0.41,0.317,0.715,2019
313,Cal Poly,66.6,0.412,0.328,0.648,2019
314,Old Dominion,66.2,0.411,0.353,0.66,2019
315,Texas A&M-CC,66.4,0.429,0.325,0.695,2019
316,Incarnate Word,65.9,0.466,0.343,0.81,2019
317,Northwestern State,66.2,0.405,0.294,0.68,2019
318,Arkansas-Pine Bluff,65.9,0.427,0.338,0.678,2019
319,Northwestern,65.9,0.402,0.313,0.735,2019
320,Fordham,65.9,0.402,0.332,0.68,2019
321,San José St,65.9,0.404,0.328,0.655,2019
322,Kansas State,65.8,0.431,0.336,0.664,2019
323,Wagner,65.8,0.386,0.305,0.744,2019
324,Wyoming,65.8,0.417,0.344,0.723,2019
325,Loyola Chicago,65.8,0.493,0.366,0.666,2019
326,UC Davis,65.7,0.439,0.328,0.709,2019
327,Georgia Tech,65.3,0.44,0.307,0.689,2019
328,Monmouth,65.3,0.414,0.297,0.686,2019
329,UC Riverside,65.2,0.443,0.376,0.684,2019
330,Binghamton,65.2,0.431,0.349,0.645,2019
331,Northern Iowa,65.1,0.416,0.348,0.747,2019
332,Portland,64.9,0.414,0.325,0.671,2019
333,Southern,64.9,0.44,0.331,0.668,2019
334,Siena,64.6,0.434,0.339,0.68,2019
335,Alcorn State,64.4,0.412,0.327,0.674,2019
336,Mississippi Valley State,64.3,0.38,0.31,0.658,2019
337,Coppin State,64.2,0.389,0.285,0.665,2019
338,UTEP,64.1,0.401,0.321,0.661,2019
339,George Washington,63.5,0.404,0.311,0.685,2019
340,Kennesaw State,63.4,0.381,0.311,0.695,2019
341,Delaware State,63.1,0.354,0.297,0.679,2019
342,Saint Peter's,62.9,0.431,0.325,0.726,2019
343,Florida A&M,62.2,0.438,0.368,0.614,2019
344,Maine,62.1,0.432,0.311,0.648,2019
345,Jackson State,61.7,0.404,0.28,0.634,2019
346,Chicago State,61.6,0.41,0.299,0.676,2019
347,Charlotte,61.2,0.415,0.311,0.742,2019
348,Alabama A&M,60.6,0.407,0.314,0.627,2019
349,New Hampshire,60.1,0.376,0.332,0.61,2019
350,UNC Asheville,59.9,0.403,0.325,0.741,2019
351,Manhattan,57.3,0.405,0.331,0.584,2019
352,Maryland-Eastern Shore,57.3,0.391,0.282,0.673,2019
