,first_team,second_team,winner,point_difference,result,name,team_rank,win,higher_or_lower_seed,index,year
0,1,16,1,15,1,Duke,1,1,1,0,2019
1,1,16,1,15,1,North Dakota State,16,0,0,1,2019
2,8,9,9,1,2,VCU,8,0,1,2,2019
3,8,9,9,1,2,UCF,9,1,0,3,2019
4,5,12,12,7,2,Mississippi State,5,0,1,4,2019
5,5,12,12,7,2,Liberty,12,1,0,5,2019
6,4,13,4,9,1,Virginia Tech,4,1,1,6,2019
7,4,13,4,9,1,Saint Louis,13,0,0,7,2019
8,6,11,6,5,1,Maryland,6,1,1,8,2019
9,6,11,6,5,1,Belmont,11,0,0,9,2019
10,3,14,3,11,1,LSU,3,1,1,10,2019
11,3,14,3,11,1,Yale,14,0,0,11,2019
12,7,10,10,3,2,Louisville,7,0,1,12,2019
13,7,10,10,3,2,Minnesota,10,1,0,13,2019
14,2,15,2,13,1,Michigan State,2,1,1,14,2019
15,2,15,2,13,1,Bradley,15,0,0,15,2019
16,1,9,1,8,1,Duke,1,1,1,16,2019
17,1,9,1,8,1,UCF,9,0,0,17,2019
18,12,4,4,8,1,Liberty,12,0,0,18,2019
19,12,4,4,8,1,Virginia Tech,4,1,1,19,2019
20,6,3,3,3,1,Maryland,6,0,0,20,2019
21,6,3,3,3,1,LSU,3,1,1,21,2019
22,10,2,2,8,1,Minnesota,10,0,0,22,2019
23,10,2,2,8,1,Michigan State,2,1,1,23,2019
24,1,4,1,3,1,Duke,1,1,1,24,2019
25,1,4,1,3,1,Virginia Tech,4,0,0,25,2019
26,3,2,2,1,1,LSU,3,0,0,26,2019
27,3,2,2,1,1,Michigan State,2,1,1,27,2019
28,1,2,2,1,2,Duke,1,0,1,28,2019
29,1,2,2,1,2,Michigan State,2,1,0,29,2019
30,1,16,1,15,1,Gonzaga,1,1,1,30,2019
31,1,16,1,15,1,Fairleigh Dickinson,16,0,0,31,2019
32,8,9,9,1,2,Syracuse,8,0,1,32,2019
33,8,9,9,1,2,Baylor,9,1,0,33,2019
34,5,12,12,7,2,Marquette,5,0,1,34,2019
35,5,12,12,7,2,Murray State,12,1,0,35,2019
36,4,13,4,9,1,Florida State,4,1,1,36,2019
37,4,13,4,9,1,Vermont,13,0,0,37,2019
38,6,11,6,5,1,Buffalo,6,1,1,38,2019
39,6,11,6,5,1,Arizona State,11,0,0,39,2019
40,3,14,3,11,1,Texas Tech,3,1,1,40,2019
41,3,14,3,11,1,Northern Kentucky,14,0,0,41,2019
42,7,10,10,3,2,Nevada,7,0,1,42,2019
43,7,10,10,3,2,Florida,10,1,0,43,2019
44,2,15,2,13,1,Michigan,2,1,1,44,2019
45,2,15,2,13,1,Montana,15,0,0,45,2019
46,1,9,1,8,1,Gonzaga,1,1,1,46,2019
47,1,9,1,8,1,Baylor,9,0,0,47,2019
48,12,4,4,8,1,Murray State,12,0,0,48,2019
49,12,4,4,8,1,Florida State,4,1,1,49,2019
50,6,3,3,3,1,Buffalo,6,0,0,50,2019
51,6,3,3,3,1,Texas Tech,3,1,1,51,2019
52,10,2,2,8,1,Florida,10,0,0,52,2019
53,10,2,2,8,1,Michigan,2,1,1,53,2019
54,1,4,1,3,1,Gonzaga,1,1,1,54,2019
55,1,4,1,3,1,Florida State,4,0,0,55,2019
56,3,2,3,1,2,Texas Tech,3,1,0,56,2019
57,3,2,3,1,2,Michigan,2,0,1,57,2019
58,1,3,3,2,2,Gonzaga,1,0,1,58,2019
59,1,3,3,2,2,Texas Tech,3,1,0,59,2019
60,1,16,1,15,1,UNC,1,1,1,60,2019
61,1,16,1,15,1,Iona,16,0,0,61,2019
62,8,9,9,1,2,Utah State,8,0,1,62,2019
63,8,9,9,1,2,Washington,9,1,0,63,2019
64,5,12,5,7,1,Auburn,5,1,1,64,2019
65,5,12,5,7,1,New Mexico State,12,0,0,65,2019
66,4,13,4,9,1,Kansas,4,1,1,66,2019
67,4,13,4,9,1,Northeastern,13,0,0,67,2019
68,6,11,11,5,2,Iowa State,6,0,1,68,2019
69,6,11,11,5,2,Ohio State,11,1,0,69,2019
70,3,14,3,11,1,Houston,3,1,1,70,2019
71,3,14,3,11,1,Georgia State,14,0,0,71,2019
72,7,10,7,3,1,Wofford,7,1,1,72,2019
73,7,10,7,3,1,Seton Hall,10,0,0,73,2019
74,2,15,2,13,1,Kentucky,2,1,1,74,2019
75,2,15,2,13,1,Abilene Christian,15,0,0,75,2019
76,1,9,1,8,1,UNC,1,1,1,76,2019
77,1,9,1,8,1,Washington,9,0,0,77,2019
78,5,4,5,1,2,Auburn,5,1,0,78,2019
79,5,4,5,1,2,Kansas,4,0,1,79,2019
80,11,3,3,8,1,Ohio State,11,0,0,80,2019
81,11,3,3,8,1,Houston,3,1,1,81,2019
82,7,2,2,5,1,Wofford,7,0,0,82,2019
83,7,2,2,5,1,Kentucky,2,1,1,83,2019
84,1,5,5,4,2,UNC,1,0,1,84,2019
85,1,5,5,4,2,Auburn,5,1,0,85,2019
86,3,2,2,1,1,Houston,3,0,0,86,2019
87,3,2,2,1,1,Kentucky,2,1,1,87,2019
88,5,2,5,3,2,Auburn,5,1,0,88,2019
89,5,2,5,3,2,Kentucky,2,0,1,89,2019
90,1,16,1,15,1,Virginia,1,1,1,90,2019
91,1,16,1,15,1,Gardner-Webb,16,0,0,91,2019
92,8,9,9,1,2,Ole Miss,8,0,1,92,2019
93,8,9,9,1,2,Oklahoma,9,1,0,93,2019
94,5,12,12,7,2,Wisconsin,5,0,1,94,2019
95,5,12,12,7,2,Oregon,12,1,0,95,2019
96,4,13,13,9,2,Kansas State,4,0,1,96,2019
97,4,13,13,9,2,UC-Irvine,13,1,0,97,2019
98,6,11,6,5,1,Villanova,6,1,1,98,2019
99,6,11,6,5,1,Saint Mary's,11,0,0,99,2019
100,3,14,3,11,1,Purdue,3,1,1,100,2019
101,3,14,3,11,1,Old Dominion,14,0,0,101,2019
102,7,10,10,3,2,Cincinnati,7,0,1,102,2019
103,7,10,10,3,2,Iowa,10,1,0,103,2019
104,2,15,2,13,1,Tennessee,2,1,1,104,2019
105,2,15,2,13,1,Colgate,15,0,0,105,2019
106,1,9,1,8,1,Virginia,1,1,1,106,2019
107,1,9,1,8,1,Oklahoma,9,0,0,107,2019
108,12,13,12,1,1,Oregon,12,1,1,108,2019
109,12,13,12,1,1,UC-Irvine,13,0,0,109,2019
110,6,3,3,3,1,Villanova,6,0,0,110,2019
111,6,3,3,3,1,Purdue,3,1,1,111,2019
112,10,2,2,8,1,Iowa,10,0,0,112,2019
113,10,2,2,8,1,Tennessee,2,1,1,113,2019
114,1,12,1,11,1,Virginia,1,1,1,114,2019
115,1,12,1,11,1,Oregon,12,0,0,115,2019
116,3,2,3,1,2,Purdue,3,1,0,116,2019
117,3,2,3,1,2,Tennessee,2,0,1,117,2019
118,1,3,1,2,1,Virginia,1,1,1,118,2019
119,1,3,1,2,1,Purdue,3,0,0,119,2019
120,1,5,1,4,1,Virginia,1,1,1,120,2019
121,1,5,1,4,1,Auburn,5,0,0,121,2019
122,3,2,3,1,2,Texas Tech,3,1,0,122,2019
123,3,2,3,1,2,Michigan State,2,0,1,123,2019
124,1,3,1,2,1,Virginia,1,1,1,124,2019
125,1,3,1,2,1,Texas Tech,3,0,0,125,2019
